281 2
143 0.144639 -2.67941
1756 0.145694 -2.7778
816 0.139332 -2.5637
1 0.185697 -2.98017
6056 0.152868 -2.61255
0 0.13616 -2.79755
1494 -0.0451648 -2.53904
181 -0.148248 -2.49974
9214 -0.127326 -2.25532
2796 -0.00105368 -2.39407
37 -0.0945386 -2.26937
6445 0.0144208 -2.35169
4302 0.130851 -2.65667
749 0.223378 -3.01972
703 0.148844 -3.12031
4601 0.0686998 -2.9342
8596 0.102098 -2.54187
2729 -0.169328 -2.03211
3495 -0.164839 -1.84026
175 -0.490411 -1.36482
6673 0.129221 -2.72767
2023 0.0785003 -2.56872
1178 0.0221983 -2.66314
6531 0.0577971 -2.68171
2658 0.318814 -3.6483
6038 0.337802 -3.44731
22 0.476453 -4.48016
2628 -0.1471 -2.38324
1472 -0.175554 -2.35695
600 -3.64296 -0.583282
8809 -3.59335 -0.622824
49 -0.294114 -1.56332
902 -0.133671 -1.98432
132 -0.162526 -1.98615
436 -0.423526 -1.51991
1297 -0.419627 -1.49314
6425 -0.321496 -1.50509
331 -0.202722 -1.85034
29 -0.183392 -1.66038
2243 -0.218806 -1.74794
92 -0.13262 -1.99939
1551 0.265342 -3.07892
2 0.397149 -4.10674
1933 0.653397 -5.76858
4674 0.523474 -4.77403
1537 0.458476 -4.34877
4329 0.401612 -3.93739
1058 0.405377 -3.86464
388 0.0436027 -2.54137
2930 0.0309782 -2.32538
5439 -3.50748 -0.833062
6450 -3.52675 -0.87132
8189 0.341031 -3.48455
202 0.462646 -4.22797
1400 0.432104 -3.71107
12 0.521169 -4.6025
5375 0.506921 -4.28866
1439 0.723134 -6.15683
31 0.563985 -4.85801
650 0.355469 -3.65504
3056 0.0967279 -2.73291
8901 0.0914712 -2.75296
4413 0.0383201 -2.60204
4184 0.038768 -2.65805
6089 0.0854488 -2.65844
7340 0.0865255 -2.63329
3912 0.137837 -2.62885
3478 0.098325 -2.65625
492 -2.08768 -0.843626
869 -2.09843 -0.990702
656 -2.25528 -0.851618
3972 -2.10085 -0.84176
14 -2.06559 -0.798493
6973 -2.16381 -0.839679
622 -2.27529 -0.851446
4283 -2.19241 -0.862416
2134 -2.17316 -0.848759
11 -1.19446 -0.897604
1573 -1.05837 -1.0342
757 -0.577247 -1.17934
4687 -0.230654 -1.66192
1362 -0.953188 -1.11202
6 -0.919482 -1.01046
8890 -1.02489 -0.986632
430 -0.921343 -1.0054
2692 -0.916512 -1.016
2652 -2.1653 -0.853571
475 -2.07585 -0.84337
1150 -1.22923 -0.950033
8118 -1.24251 -0.927862
15 -1.28992 -0.937215
1790 -1.2606 -0.921358
2401 -1.25648 -0.899969
6470 -1.25323 -0.966825
3208 -1.26946 -0.912788
7561 -1.17543 -0.911809
4383 -0.237679 -1.70965
71 -0.249643 -1.6786
104 -0.137108 -2.3914
2307 -0.083969 -2.51604
1768 -0.170006 -2.41823
3170 -0.126575 -2.54575
8490 0.600229 -5.14858
2757 0.574334 -4.93674
998 0.558388 -4.93251
1476 0.352638 -3.59012
3661 0.483741 -4.45304
3391 0.347799 -4.10453
1887 0.430463 -4.00938
21 0.415357 -4.01334
6357 0.35377 -3.37243
7214 0.33246 -3.38486
6411 0.128912 -2.73009
4062 0.1447 -3.08472
178 0.165621 -3.13218
1542 0.144617 -2.98184
2644 0.124894 -2.85018
865 -0.167594 -2.44944
7327 -0.127509 -2.54851
3281 -0.15486 -2.45397
383 -0.123955 -2.48346
566 -0.0999757 -2.47806
4785 -0.118163 -2.45249
2870 0.0741717 -2.71463
2611 -0.00238895 -2.82855
9399 0.10626 -2.79569
8230 0.089452 -2.70082
5581 -0.965827 -0.962893
3756 -0.905448 -1.06135
4858 -0.906759 -1.03174
6241 -0.904985 -0.977386
551 -0.951889 -0.983175
89 -0.356072 -1.44051
2569 -0.897556 -1.03704
1517 0.285153 -3.37638
2362 0.256749 -3.13078
9847 0.10009 -2.66202
204 0.138812 -2.58651
4863 0.183809 -2.65129
563 -3.98538 -0.750452
3826 -3.9331 -0.7393
5168 -3.08473 -1.00846
4817 -2.94297 -1.04994
4 -2.82342 -0.956077
570 -2.80263 -0.974689
3055 -2.76714 -0.996399
2841 0.270558 -3.54628
311 0.286546 -3.57288
6792 0.414078 -3.86309
42 -0.117023 -2.3789
350 -0.0650863 -2.4282
8839 0.177432 -2.71233
93 0.0945616 -2.7265
158 -0.222534 -2.28165
1096 -0.204845 -2.23859
1273 0.333427 -3.71239
3177 0.290076 -3.4701
7789 0.11588 -2.64132
5990 -4.25835 -1.02974
17 -4.1797 -1.01271
976 0.00368875 -2.35549
1593 0.274566 -3.65499
660 0.273722 -3.41747
2316 0.546108 -4.74832
599 0.531546 -4.69595
356 -0.278279 -1.61486
1103 0.319373 -3.36894
1799 -0.00768833 -2.39006
695 0.000309432 -2.32006
287 -2.706 -1.04717
5916 -2.92332 -1.16366
7823 -2.99662 -1.11769
1421 0.186197 -2.67567
2193 0.296277 -3.47661
5569 0.27802 -3.53345
3428 -3.897 -0.862558
1963 -3.89141 -0.856958
1399 -4.26288 -0.723387
8252 -4.17047 -0.738599
4423 0.123621 -2.87304
9050 0.177455 -2.69185
7537 -0.115961 -2.18742
418 -2.76034 -1.0338
3807 -2.98164 -1.1294
3692 -2.98337 -1.05063
1386 -2.66929 -0.970305
98 -0.893 -2.31254
3425 -0.904647 -2.26586
43 -0.851067 -2.24479
9658 -4.13953 -0.503643
7449 -4.15586 -0.485774
4660 -2.1271 -0.826715
2487 -2.13224 -0.857275
480 -2.11242 -0.830342
6772 -2.10666 -0.839412
2009 -2.12085 -0.831663
413 -2.85519 -0.895007
8134 -2.90948 -0.978197
54 -2.85732 -0.978753
76 -2.6355 -0.906819
1464 -2.71982 -0.968324
3426 -2.74135 -1.02166
9675 -2.57701 -0.934316
2340 -2.74016 -1.00258
8407 -2.73632 -0.974625
612 -2.70751 -0.927036
1070 -2.79527 -0.969842
5972 -2.67945 -0.908421
72 0.298461 -3.48767
3045 0.343436 -3.51364
5675 -2.84818 -1.2665
1990 -2.85262 -1.22652
1460 -2.79109 -1.1576
1763 0.271907 -3.42169
9655 0.347613 -3.30754
5559 0.555625 -4.66627
980 0.565716 -4.85717
339 0.0314666 -2.47589
494 -4.26259 -0.815796
8114 -4.22126 -0.767312
4309 -2.88372 -1.10216
6530 -2.69076 -0.996962
59 -2.70732 -0.99736
1480 0.533024 -4.71
5270 0.354864 -3.49195
5963 0.307086 -3.71922
124 -2.74793 -1.11555
5708 -2.68522 -1.03075
5386 -2.79184 -1.05442
1162 -4.0265 -0.538977
8123 -4.12518 -0.556493
7485 -4.17829 -0.602767
2908 -4.25171 -0.594823
2597 0.242858 -2.75583
847 -4.35687 -0.712661
9244 -4.36266 -0.701968
9395 -4.31203 -0.692837
4031 -4.32284 -0.72411
5155 -2.71339 -0.979678
1116 -2.62313 -0.97927
4334 -2.76678 -0.981026
6148 -4.40188 -0.630108
5823 -4.35065 -0.61233
156 -4.44259 -1.04287
4087 -4.50116 -1.04608
153 0.268954 -3.42175
2379 0.230724 -2.78253
7197 -4.22703 -0.484428
576 -4.23479 -0.484954
2827 -2.94813 -1.07593
3811 -2.99888 -1.14315
4091 -2.98816 -1.08998
5999 -4.33883 -0.740841
38 -4.35338 -0.755637
56 -2.9327 -1.06659
3507 -3.03452 -1.14093
160 -2.87735 -1.01489
7456 -4.21637 -0.599948
3696 -4.22122 -0.603441
4186 -4.10417 -0.498218
8893 -4.02468 -0.468704
3419 -4.24909 -0.716319
7868 -4.28445 -0.712524
6768 -4.32294 -1.01178
1238 -4.27182 -0.976859
2238 -4.30659 -0.980078
4617 -4.31589 -0.988008
3345 -4.12434 -0.789339
8326 -4.12011 -0.798927
109 -4.35064 -0.672489
2440 -4.38634 -0.668696
120 -4.33552 -0.613292
9173 -4.47089 -0.629735
4082 -4.04213 -0.57437
1813 -3.96403 -0.566609
5945 -4.16189 -0.782103
2311 -4.18353 -0.815098
35 -4.27203 -0.691954
2128 -4.31953 -0.681644
1705 -4.26681 -0.832803
9303 -4.26582 -0.85414
