3865 2
3995 -0.607782 -1.83035
5459 -0.735535 -1.49031
2691 -0.708691 -1.45667
3092 -0.793306 -1.47883
3402 -0.829773 -1.35967
3664 -0.760031 -1.46462
4948 -0.615547 -1.76459
5148 -0.561283 -1.92997
7055 -0.471095 -2.25204
7699 -0.58096 -1.88167
178 -1.92809 -0.484678
282 -2.47249 -0.420909
638 -2.30862 -0.301266
241 -2.77982 -0.305372
664 -2.83586 -0.364973
23 -2.6655 -0.403532
601 -2.25635 -0.459428
383 -1.67672 -0.627913
2297 -1.32326 -0.798556
4269 -0.957866 -1.13568
4098 -0.869495 -1.31246
5263 -0.662089 -1.63801
4797 -0.776276 -1.40522
3728 -0.859497 -1.31596
3089 -0.909161 -1.17666
1470 -1.02449 -1.03953
2625 -1.37016 -0.804808
2790 -1.0368 -1.11556
2209 -1.14159 -1.01241
2967 -0.956399 -1.19049
3635 -0.949028 -1.20951
4661 -0.979444 -1.08871
5454 -0.651749 -1.62368
4530 -0.711399 -1.50279
4070 -0.722307 -1.51582
3958 -0.792743 -1.40914
3479 -0.778713 -1.43078
5818 -0.637969 -1.80584
6620 -0.63243 -1.83167
6599 -0.725285 -1.64756
5022 -0.685891 -1.78731
4632 -0.640742 -1.76074
6262 -0.799949 -1.41418
5262 -0.611895 -1.76552
1700 -1.32458 -0.839321
2001 -0.808844 -1.3419
1549 -1.15224 -0.999686
171 -2.00597 -0.509833
143 -1.8753 -0.519739
80 -2.68874 -0.35916
29 -2.07685 -0.498205
966 -1.55016 -0.631542
938 -0.836686 -1.16857
600 -1.57105 -0.684481
633 -1.37339 -0.778136
1580 -1.79291 -0.577076
769 -1.83481 -0.579374
1201 -1.90664 -0.570259
1396 -2.11474 -0.521522
1204 -1.25886 -0.81913
1394 -1.70965 -0.593902
663 -1.77532 -0.535902
3452 -0.78112 -1.38163
24 -1.4312 -0.762786
1548 -1.3369 -0.791427
5922 -0.926314 -1.09707
5173 -0.526825 -2.20757
3459 -0.656765 -1.79804
4447 -0.64472 -1.65235
5183 -0.647308 -1.62258
3796 -0.730301 -1.51073
4662 -0.744583 -1.46407
582 -0.679631 -1.55684
4536 -0.661279 -1.74201
5006 -0.574792 -1.92495
2851 -0.877047 -1.29801
2674 -1.09315 -1.04317
5312 -0.803954 -1.39421
2350 -1.31606 -0.895432
2326 -1.02943 -1.13181
2697 -1.1275 -1.00432
1095 -1.47929 -0.687697
959 -1.45471 -0.707244
996 -1.16569 -1.00471
2517 -1.30454 -0.953626
2372 -1.47409 -0.89121
2151 -1.72014 -0.633369
978 -1.85071 -0.549978
304 -2.05134 -0.535494
313 -2.05942 -0.489884
38 -2.99247 -0.342796
26 -2.89911 -0.379588
325 -2.05185 -0.420805
2134 -0.986315 -1.17578
3641 -0.73298 -1.51705
3417 -0.762406 -1.4518
3275 -0.821214 -1.32852
3410 -1.23652 -0.984905
2700 -1.00645 -1.15247
4323 -0.944675 -1.2059
3969 -0.72233 -1.60457
3057 -0.856897 -1.28315
3148 -1.16192 -1.05101
1473 -1.12147 -1.01541
8002 -0.742832 -2.00655
7998 -0.840132 -2.03626
2560 -0.96537 -1.18885
7045 -0.417504 -2.24581
2968 -0.970416 -1.23481
762 -1.26428 -0.84867
6441 -0.886804 -1.42021
2951 -1.07193 -1.08527
2547 -1.08389 -1.06366
3050 -1.21747 -0.876132
854 -1.29087 -0.917418
1596 -1.31918 -0.82066
2474 -1.22012 -0.923113
2670 -1.23846 -1.03283
2871 -0.961459 -1.19267
2323 -1.20859 -0.914673
308 -2.03221 -0.502714
852 -1.34412 -0.788887
86 -1.87333 -0.51992
1053 -2.21461 -0.447612
1029 -2.05457 -0.553159
1487 -1.55683 -0.696118
6305 -0.557294 -2.05449
4441 -0.642178 -1.89666
4994 -0.624853 -1.98433
6869 -0.604082 -1.83595
5543 -0.640089 -1.72724
5384 -0.618142 -1.79429
5802 -0.498778 -2.23055
5167 -0.748188 -1.52948
5162 -0.803122 -1.45885
5163 -0.710865 -1.55695
4966 -0.547955 -1.91974
5106 -0.62022 -1.73893
4263 -0.93446 -1.22795
1566 -1.48289 -0.720959
1386 -1.80259 -0.618032
1353 -1.34725 -0.802901
42 -2.03503 -0.454118
2181 -1.50584 -0.690446
1395 -1.49563 -0.724717
2435 -1.4223 -0.793506
2127 -1.37455 -0.709726
993 -1.65157 -0.638728
1103 -1.68933 -0.625775
1210 -1.3257 -0.844224
2604 -1.47938 -0.746276
2233 -1.43522 -0.693615
332 -1.52685 -0.689498
1023 -2.05581 -0.504682
907 -1.62531 -0.640402
1555 -1.69263 -0.629067
1633 -1.58906 -0.684513
1774 -1.72574 -0.636177
1035 -1.49894 -0.781868
1221 -1.63553 -0.637596
2290 -1.16665 -0.970865
6941 -0.812622 -1.4566
1552 -1.44145 -0.76725
2093 -1.33296 -0.762369
1847 -1.27057 -0.829331
2230 -1.50772 -0.648063
7168 -0.846445 -1.32816
2369 -0.666441 -1.74054
5412 -1.03816 -1.07964
4550 -0.714234 -1.58448
5651 -0.811853 -1.34223
5285 -0.742094 -1.55192
3976 -0.814801 -1.3923
6435 -0.748171 -1.37038
2557 -1.26125 -0.928539
2834 -1.34713 -0.794033
4266 -0.966052 -1.13399
1754 -1.28422 -0.918976
7073 -0.736919 -1.6255
7070 -0.976902 -1.37176
7115 -1.13685 -1.08315
259 -1.75796 -0.608271
194 -2.01795 -0.481083
368 -2.87146 -0.386066
214 -1.92171 -0.562781
1919 -1.48615 -0.752037
403 -1.36959 -0.817765
2510 -1.24861 -0.925403
3238 -0.805894 -1.38686
1129 -1.76932 -0.607482
1306 -1.7767 -0.619768
3059 -1.09466 -1.0317
879 -1.06315 -1.04199
3456 -0.759826 -1.42338
3998 -0.602038 -1.60495
841 -1.07529 -1.05717
1151 -1.27542 -0.843142
712 -2.12461 -0.473374
1622 -1.49169 -0.72431
311 -1.67383 -0.632683
5123 -0.690772 -1.6343
1062 -1.50688 -0.719632
2097 -1.33322 -0.852868
1969 -1.60424 -0.675688
3005 -1.24581 -0.901144
166 -1.21419 -0.841295
8163 -0.626214 -2.25931
8162 -0.523365 -2.5614
8174 -0.590356 -1.97845
5254 -0.834792 -1.34795
6739 -1.09617 -0.977593
960 -1.85842 -0.531817
1000 -1.45146 -0.760976
1089 -1.60002 -0.626018
3755 -1.21642 -0.894467
913 -1.81042 -0.606298
1131 -2.29947 -0.47143
918 -2.13064 -0.465205
187 -1.8927 -0.534507
1744 -1.11599 -0.997273
1935 -1.21782 -0.945825
766 -0.814067 -1.3513
1982 -0.605641 -1.87251
5189 -0.593423 -1.85889
1012 -1.55193 -0.684199
982 -2.16414 -0.450152
636 -2.5236 -0.383347
513 -2.72339 -0.342601
8 -2.57115 -0.403887
216 -2.26494 -0.402095
37 -2.25966 -0.320265
321 -1.85429 -0.505234
74 -2.1177 -0.475337
56 -1.8636 -0.563749
295 -2.36587 -0.400284
1444 -1.84673 -0.687194
3489 -1.20613 -0.919751
2497 -1.25114 -0.889452
1428 -1.66183 -0.670971
1903 -1.6111 -0.7019
4463 -1.02699 -1.06741
3103 -0.878782 -1.258
7927 -0.593016 -2.47585
7923 -0.76675 -2.40786
7080 -0.518918 -2.45053
5012 -0.524756 -2.2709
5568 -0.69791 -1.54647
5188 -0.625144 -1.79931
6624 -0.590462 -2.10131
7381 -0.630543 -1.68304
2981 -0.850694 -1.32508
1522 -1.30602 -0.832002
1489 -1.82836 -0.595339
417 -1.46171 -0.72584
1858 -1.67212 -0.668351
407 -1.84108 -0.539478
863 -2.09462 -0.492298
1638 -1.89343 -0.560175
1654 -2.20628 -0.456282
682 -2.44769 -0.373604
665 -1.66012 -0.739994
5179 -0.597654 -1.90489
2988 -0.812891 -1.36567
4110 -1.07852 -1.11036
1972 -0.932059 -1.21016
1799 -0.680364 -1.51408
4717 -0.633165 -1.76083
5998 -0.497341 -2.24762
5140 -0.641303 -1.91227
3634 -0.704554 -1.59549
6218 -0.541275 -2.00106
6351 -0.413146 -2.14559
7632 -0.640867 -1.72357
2964 -0.962192 -1.20443
127 -2.00614 -0.467481
617 -2.76436 -0.335385
257 -2.99932 -0.324014
151 -2.14958 -0.366532
1648 -1.07685 -1.02654
3449 -0.743136 -1.51242
4073 -0.738801 -1.50462
5626 -0.660796 -1.72712
2144 -1.18303 -0.95512
6581 -0.901606 -1.54256
2285 -1.01086 -1.27168
2485 -0.964379 -1.1873
4531 -0.868752 -1.28233
2456 -0.769253 -1.44753
7561 -0.504222 -2.34147
5760 -0.529945 -2.03454
6946 -0.578415 -1.88072
7839 -0.520434 -2.21626
5655 -0.515893 -2.4681
2511 -0.638515 -1.92837
7335 -0.531345 -2.33382
6789 -0.463526 -2.43522
7238 -0.585244 -2.46207
6156 -0.666448 -1.59793
1166 -0.934808 -1.15019
3470 -1.04835 -1.02191
825 -0.916115 -1.26006
3521 -0.856239 -1.30371
3291 -0.718822 -1.58164
5810 -0.558561 -1.96297
6311 -0.428452 -2.18199
5739 -0.533453 -2.14983
7964 -0.619951 -1.86943
8061 -0.670389 -1.91607
5977 -0.598563 -2.07918
8095 -0.531343 -2.19719
5485 -0.70907 -1.57295
5886 -0.678995 -1.65607
3453 -0.695722 -1.61619
1026 -1.1975 -0.885203
7620 -0.494254 -2.31508
8157 -0.390052 -2.30878
8097 -0.559796 -2.27415
7228 -0.503382 -2.42823
6422 -0.47751 -2.41963
5002 -0.621539 -1.70005
4297 -0.795158 -1.44258
4528 -0.820803 -1.41087
4127 -0.790227 -1.42124
4044 -0.817654 -1.36166
2109 -1.09643 -0.992541
5327 -0.951255 -1.34423
3562 -1.07655 -1.03266
5696 -0.678161 -1.76734
5178 -0.701377 -1.60535
3498 -0.691617 -1.62468
5457 -0.637054 -1.78089
1615 -1.81021 -0.655058
1849 -1.56521 -0.722757
1846 -1.65514 -0.820208
1480 -1.68543 -0.659277
1658 -1.67378 -0.739693
128 -2.06086 -0.522394
761 -1.85254 -0.540086
1253 -1.79771 -0.594378
1382 -1.54739 -0.694752
1013 -1.91756 -0.478683
1260 -1.89004 -0.524446
1044 -1.8034 -0.626638
1066 -1.95139 -0.5323
872 -1.54713 -0.685964
798 -1.79415 -0.685454
796 -1.78406 -0.71518
797 -2.26536 -0.912855
1635 -2.39673 -1.05572
1031 -1.79252 -0.610204
708 -1.88383 -0.577195
784 -1.87855 -0.506174
2818 -1.99745 -0.458404
2120 -1.14995 -0.941939
3191 -0.676619 -1.57919
4828 -0.595086 -1.8752
2384 -0.888311 -1.2829
3454 -0.895153 -1.26969
5899 -0.539968 -1.85028
2702 -0.842521 -1.29536
3460 -0.691002 -1.64
4808 -0.886236 -1.24046
4261 -0.9308 -1.24452
3334 -0.668771 -1.6556
4688 -0.885761 -1.30345
3352 -0.900876 -1.24123
5072 -0.759012 -1.51737
5697 -0.599494 -1.86612
5226 -0.781334 -1.42818
2341 -1.43203 -0.7986
829 -1.98091 -0.533488
1963 -1.69601 -0.673979
432 -1.51936 -0.699096
715 -2.3498 -0.434319
887 -1.71794 -0.584863
2765 -0.816811 -1.33786
1230 -1.757 -0.627278
1525 -1.97567 -0.548792
1496 -1.31564 -0.794437
4666 -0.700172 -1.54278
6272 -0.524532 -2.09349
7414 -0.510407 -2.53904
7924 -0.590577 -2.0111
6945 -0.801198 -1.38514
6523 -0.508126 -2.16076
608 -0.969254 -1.18208
5430 -0.903366 -1.21061
3666 -0.787472 -1.4111
2707 -1.12119 -1.04001
1880 -1.61515 -0.712644
2004 -1.32487 -0.770794
3642 -0.591432 -1.91797
5860 -0.548731 -1.85772
2688 -0.792658 -1.41226
1393 -1.15821 -0.961295
988 -0.899048 -1.20688
2646 -1.06351 -1.03681
3144 -1.14613 -1.04759
6721 -0.509391 -2.0338
5239 -0.775263 -1.47614
5233 -0.562446 -2.08361
72 -1.52535 -0.615698
2822 -1.0209 -1.10907
19 -2.61139 -0.357008
55 -2.69794 -0.386258
373 -2.69747 -0.425953
1211 -1.55126 -0.687847
2866 -1.6615 -0.67793
1741 -1.90301 -0.594595
1465 -1.87463 -0.612882
172 -1.30584 -0.883982
2066 -1.31954 -0.82149
6388 -0.595406 -1.83805
2565 -0.811318 -1.36826
2754 -1.44397 -0.748038
759 -1.62438 -0.641305
8290 -1.63638 -0.65324
1793 -1.84043 -0.557188
4151 -0.68358 -1.60597
4827 -0.908898 -1.24348
2135 -0.984295 -1.18447
2014 -0.990709 -1.15725
1310 -0.954653 -1.18163
4709 -0.920801 -1.18096
6323 -0.533263 -2.11079
4099 -0.6929 -1.67559
856 -1.12289 -1.04022
4361 -0.569849 -1.95558
2972 -0.691896 -1.63009
3439 -0.997608 -1.16142
3813 -0.856818 -1.31466
5973 -0.7138 -1.57502
6769 -0.610029 -2.13664
7733 -0.462794 -2.69416
7791 -0.487889 -2.73287
457 -0.842175 -1.25949
1734 -1.3002 -0.912991
15 -1.12121 -0.955453
2328 -1.07306 -1.03018
3375 -1.01824 -1.13999
5288 -0.805262 -1.38901
144 -3.01937 -0.360945
10 -2.54807 -0.383441
1357 -1.50649 -0.724704
1893 -1.52991 -0.727711
2416 -1.26032 -0.900858
2832 -0.941119 -1.16786
4780 -0.788472 -1.38431
1374 -0.929512 -1.16975
2825 -1.21887 -0.952189
6510 -0.447068 -2.26772
6511 -0.515307 -2.23557
5819 -0.529171 -2.14133
4710 -0.815787 -1.49598
4696 -0.873655 -1.38265
4682 -0.846873 -1.38539
3680 -1.25196 -0.890603
1701 -1.02821 -1.04089
2628 -1.19099 -0.753253
3897 -0.695931 -1.6303
5150 -0.676946 -1.53033
2768 -1.30511 -0.861851
2946 -1.54252 -0.704845
2944 -1.49099 -0.680435
2945 -1.66482 -0.689455
2936 -1.65507 -0.670326
2796 -1.47844 -0.772404
1922 -1.23132 -0.894529
6501 -0.599348 -1.95926
5705 -0.714641 -1.77269
5321 -0.676274 -1.74039
5187 -0.633259 -1.66521
5640 -0.504894 -2.06777
5994 -0.772341 -1.29541
2411 -1.19377 -0.96506
2856 -1.22303 -0.923867
3464 -0.857461 -1.35
3520 -1.01699 -1.10053
465 -1.16888 -0.948372
2872 -1.21514 -0.966144
1307 -1.23293 -0.90942
3529 -1.20619 -0.840525
2612 -1.10716 -1.01303
1442 -1.97271 -0.567029
637 -2.34227 -0.449976
138 -2.49166 -0.430619
817 -2.13768 -0.47291
560 -2.32556 -0.389073
422 -3.0218 -0.342117
427 -2.66181 -0.443199
202 -3.05799 -0.40958
135 -3.10451 -0.367217
28 -2.41345 -0.421413
631 -2.47943 -0.302177
339 -2.3002 -0.382129
236 -2.5576 -0.388868
319 -1.48026 -0.696572
3394 -0.956187 -1.20842
2366 -1.27099 -1.03573
2009 -0.76794 -1.50993
7056 -0.503948 -2.57808
5738 -0.494947 -2.26795
8173 -0.457759 -2.426
7391 -0.49126 -2.48993
7443 -0.533658 -2.06965
7277 -0.459508 -2.38708
7618 -0.456128 -2.43807
7052 -0.512326 -2.37091
6 -2.22408 -0.437295
61 -2.7169 -0.315169
226 -2.41198 -0.444024
433 -2.52202 -0.394513
371 -1.8237 -0.564194
20 -2.00686 -0.458788
4786 -0.50593 -1.99641
109 -0.606518 -1.70436
6567 -0.495603 -2.1328
5980 -0.618793 -1.79191
6783 -0.525438 -1.99504
3910 -0.774758 -1.37488
4310 -0.617503 -1.71181
4653 -0.718389 -1.55687
5545 -0.919447 -1.44886
6914 -0.562244 -1.96907
2067 -0.614851 -2.02586
7763 -0.490859 -2.62676
4315 -0.907024 -1.29145
4718 -0.771473 -1.61629
5026 -0.97068 -1.23209
4999 -0.768148 -1.46079
2256 -1.1464 -0.969946
3646 -1.03075 -1.14946
2727 -1.19772 -0.974051
11 -1.6038 -0.609329
1532 -1.82571 -0.563149
1471 -1.388 -0.744552
243 -2.27665 -0.451534
5039 -0.595108 -1.66539
4455 -0.715038 -1.66759
6596 -0.450121 -2.52852
8019 -0.44637 -2.64557
8198 -0.509521 -2.16821
1534 -1.74397 -0.694949
36 -1.62706 -0.624252
1997 -1.52851 -0.721689
4983 -0.665439 -1.58512
7450 -0.565076 -2.02225
1097 -1.3589 -0.804163
4036 -0.671235 -1.59338
3724 -0.915113 -1.23302
2564 -0.832514 -1.43292
2118 -0.92654 -1.13182
2125 -1.58238 -0.677231
1014 -2.21111 -0.415608
2062 -1.48694 -0.735316
4144 -0.787878 -1.40128
5449 -0.981087 -1.15817
5392 -0.853676 -1.18869
1733 -0.642067 -1.75186
6948 -0.951694 -1.16667
4689 -0.579518 -2.04976
6595 -0.553534 -2.1158
6553 -0.515056 -2.03751
4219 -0.739584 -1.55951
5058 -0.711696 -1.66852
3542 -0.860708 -1.34725
4011 -1.02735 -1.13625
8294 -1.18684 -0.935997
3518 -1.1076 -0.884495
3720 -1.16614 -0.968504
3717 -1.22516 -0.926669
1747 -1.36897 -0.87737
5117 -0.702466 -1.60456
3110 -0.761781 -1.47685
5638 -0.650998 -1.8857
5020 -0.625081 -1.71316
3447 -0.707547 -1.5247
5680 -0.641914 -1.69045
1063 -0.558929 -1.94639
5852 -0.621417 -1.74629
3843 -1.11453 -0.998002
2993 -1.22659 -0.93353
3192 -1.07969 -1.08654
827 -1.02442 -1.07848
1623 -1.19212 -0.962939
224 -2.31768 -0.407103
765 -1.5041 -0.720479
2792 -1.27627 -0.877749
2007 -1.69642 -0.599791
3130 -1.25749 -0.872006
3015 -0.734724 -1.52519
764 -1.17793 -0.932577
1868 -1.50788 -0.870779
1848 -1.53183 -0.769971
1202 -1.74351 -0.635876
298 -1.98609 -0.604528
2119 -1.96565 -0.580912
763 -1.32539 -0.810735
5061 -0.602666 -1.6923
4673 -0.471759 -2.23835
5822 -0.714105 -1.64384
8043 -0.517195 -2.27443
4929 -0.814753 -1.48305
6615 -0.537819 -2.05306
725 -2.42752 -0.419017
724 -1.5028 -0.658979
3404 -0.940241 -1.26967
3568 -0.869503 -1.35133
4265 -1.06148 -1.42472
4169 -1.0782 -1.61782
2365 -0.908214 -1.30002
3029 -1.18647 -1.01056
3026 -0.997559 -1.11595
3745 -1.18234 -0.896355
1816 -1.62087 -0.656901
1514 -1.92354 -0.557841
722 -1.38117 -0.798639
684 -2.79407 -0.352502
147 -2.06692 -0.511698
79 -2.68383 -0.392182
864 -2.2084 -0.487397
789 -1.22346 -0.851792
488 -2.42866 -0.392551
458 -2.67185 -0.336602
271 -2.52753 -0.392453
3007 -1.13461 -1.0177
3902 -0.800793 -1.34786
3346 -0.677645 -1.59643
3885 -0.479831 -2.73399
7651 -0.941617 -1.18422
113 -1.51896 -0.687941
75 -2.29936 -0.445335
756 -2.47679 -0.394898
615 -2.33024 -0.442349
415 -1.86843 -0.538466
1953 -1.57534 -0.686833
2542 -1.23315 -0.891909
5862 -0.663873 -1.76928
6314 -0.526894 -2.06481
6447 -0.579736 -2.24297
7979 -0.49584 -2.57427
7449 -0.505695 -2.66179
3962 -0.514545 -2.2163
1075 -1.55731 -0.693956
2169 -0.989291 -1.21675
2319 -0.961919 -1.38971
4608 -0.700652 -1.55034
3854 -0.823668 -1.32012
2237 -0.924442 -1.22312
1639 -0.816733 -1.41599
3970 -1.07003 -1.07924
2617 -1.34942 -0.862725
2576 -0.883289 -1.20525
2693 -0.979219 -1.124
698 -1.23209 -0.92977
4687 -0.972016 -1.1951
1164 -1.70301 -0.635727
904 -1.70531 -0.582899
9 -2.48658 -0.379221
132 -2.49975 -0.41227
301 -2.82401 -0.420082
2079 -1.85114 -0.672464
1956 -1.52135 -0.737371
286 -2.95463 -0.329563
2223 -0.648037 -1.83408
7902 -0.373425 -2.75779
8224 -0.486934 -2.63169
6443 -0.460754 -2.36003
7921 -0.44041 -2.97129
5100 -0.821254 -1.46372
4509 -0.77045 -1.54106
3806 -0.902872 -1.30055
3973 -0.993181 -1.15277
4216 -0.896984 -1.26749
4191 -0.862028 -1.34021
2838 -1.28275 -0.899829
3639 -0.755637 -1.49361
7928 -0.525613 -2.70033
8145 -0.412603 -2.62366
8094 -0.514976 -2.51277
5564 -0.562477 -1.9757
4964 -0.650472 -1.70377
1125 -1.66199 -0.591932
806 -2.4189 -0.397684
310 -1.76621 -0.566919
1407 -1.62864 -0.6723
2111 -1.92988 -0.521538
1765 -1.75184 -0.648738
946 -1.44079 -0.771065
2333 -1.49931 -0.717291
3937 -1.04668 -1.07571
3055 -1.1249 -1.00313
3009 -1.10017 -1.06056
1757 -1.86586 -0.637072
2152 -1.84062 -0.697059
2179 -1.56576 -0.589765
2180 -1.68113 -0.588111
2555 -1.41199 -0.84594
2801 -1.57102 -0.672545
1772 -1.62735 -0.642339
1920 -1.78488 -0.643694
1482 -1.55262 -0.704715
548 -2.72705 -0.311938
175 -2.66267 -0.340947
306 -1.64944 -0.588911
697 -1.63599 -0.689557
2398 -1.00205 -1.10363
1297 -1.51769 -0.714194
2099 -1.66842 -0.730999
2193 -1.65132 -0.676294
908 -1.62087 -0.708618
1168 -2.18745 -0.463276
1605 -2.15014 -0.520912
691 -1.90603 -0.551265
4600 -0.845024 -1.32138
5570 -0.596954 -1.74472
5423 -0.815436 -1.41168
1811 -1.43179 -0.745225
5313 -1.14794 -1.19068
1767 -1.3274 -0.850459
3446 -1.17702 -0.911236
3180 -1.07205 -1.07333
4072 -0.960815 -1.20851
4466 -0.8628 -1.28845
2585 -1.23324 -0.972157
5928 -0.671191 -1.65597
5144 -0.713531 -1.6037
5142 -0.664227 -1.87309
4859 -0.628943 -1.67543
6123 -0.879868 -1.32983
5301 -0.64055 -1.71236
3465 -0.909185 -1.20692
2686 -1.05151 -1.07275
2763 -1.35394 -0.895095
3835 -0.835387 -1.32468
1378 -1.62378 -0.727853
2063 -1.5886 -0.706883
2470 -1.55351 -0.826721
2863 -1.69803 -0.710125
346 -1.07346 -1.02009
922 -1.99723 -0.532368
1232 -2.23934 -0.770492
1237 -2.28177 -0.429054
1439 -2.13537 -0.581328
1234 -1.82726 -0.570069
299 -2.48953 -0.386369
73 -2.75131 -0.366849
1542 -0.997793 -1.16193
5709 -0.511348 -1.98885
7669 -0.539978 -2.52064
4791 -0.487532 -2.27045
6755 -0.588079 -2.73715
6802 -0.719094 -2.73254
6803 -0.622312 -2.46651
6522 -0.627986 -1.98041
1493 -0.646736 -1.75043
915 -2.13261 -0.440013
377 -2.70168 -0.354656
154 -2.07106 -0.48122
5079 -0.613964 -1.72817
6885 -0.562832 -2.26933
6442 -0.539211 -2.08488
7646 -0.50724 -2.60894
3900 -0.585878 -1.99685
6337 -0.659404 -1.71948
5037 -0.728915 -1.64252
6991 -0.547249 -1.99859
4116 -0.768763 -1.45432
4796 -0.821409 -1.25595
152 -2.49067 -0.418082
859 -1.41579 -0.862938
439 -2.00553 -0.522608
5484 -0.848742 -1.33583
5548 -0.728454 -1.34828
2989 -1.06239 -1.13655
4229 -0.887036 -1.24585
1133 -0.926242 -1.16827
3457 -0.745391 -1.50553
7908 -0.636168 -1.98881
7146 -0.589645 -1.74821
5801 -0.542772 -2.06122
5811 -0.526209 -2.2082
6832 -0.575682 -1.94359
6269 -0.428405 -2.38168
6226 -0.373698 -2.49553
7666 -0.489888 -2.67756
4875 -0.806127 -1.41833
2516 -0.850105 -1.27741
3560 -1.09221 -1.08812
3624 -0.907864 -1.31337
4359 -0.892792 -1.36639
2655 -0.984134 -1.21864
5452 -0.77057 -1.47043
3458 -1.03393 -1.09021
4735 -0.967489 -1.11227
3898 -0.861183 -1.32177
2677 -0.645254 -1.93712
5848 -0.68965 -1.62141
2651 -0.979529 -1.12627
5664 -0.758049 -1.93377
5605 -0.534765 -2.17616
5439 -0.496522 -2.10615
3614 -0.757655 -1.45406
1792 -1.48797 -0.731723
3631 -0.801448 -1.4284
5806 -0.457308 -2.50428
5511 -1.19203 -0.961023
3172 -0.908387 -1.23535
3903 -1.17643 -0.976395
2657 -1.13982 -1.00856
1777 -1.16086 -1.01777
1756 -1.5112 -0.654439
1808 -1.34563 -0.812137
1500 -1.50491 -0.749536
2174 -1.43799 -0.752276
1984 -1.22124 -0.927582
3265 -1.1455 -0.946284
3251 -1.24815 -0.8876
3258 -0.950274 -1.2329
1135 -1.71397 -0.590275
1859 -1.77542 -0.631711
1979 -1.68583 -0.713813
6912 -1.18231 -1.01175
2805 -1.23424 -0.94325
1842 -1.77547 -0.618232
1241 -1.34503 -0.717753
1267 -1.41664 -0.780743
2060 -1.68249 -0.702986
5694 -0.561566 -2.01894
5606 -0.696029 -1.54856
5540 -0.568217 -1.61916
5342 -0.560172 -1.72517
3176 -1.04405 -1.2317
6148 -0.811189 -1.52412
5783 -0.642904 -1.64791
2549 -0.960809 -1.14948
7803 -0.550309 -2.13446
4126 -0.523825 -2.24804
6918 -0.489884 -2.41587
8178 -0.528365 -3.09322
8161 -0.665215 -2.1383
7604 -0.499861 -2.57079
7120 -0.509642 -2.07472
3794 -0.613957 -1.79349
4221 -0.586907 -1.80532
5531 -0.598186 -1.84931
6296 -0.668202 -1.6281
6980 -0.550188 -2.15141
2580 -1.33302 -0.876449
4045 -0.666526 -1.67819
7649 -0.562864 -2.40789
7172 -0.685219 -2.38719
8128 -0.475379 -2.55269
3804 -1.22108 -0.941671
4021 -1.18438 -0.948724
589 -1.92213 -0.519335
704 -2.27243 -0.447402
2397 -1.58944 -0.769859
1550 -1.3645 -0.819592
1636 -2.00509 -0.579653
1780 -1.76468 -0.628287
579 -1.86807 -0.538726
1521 -1.496 -0.784217
1385 -0.881594 -1.26879
5582 -0.692982 -1.57841
6576 -0.588551 -2.12382
7788 -0.656108 -2.28386
6179 -0.890997 -1.56323
2440 -0.749132 -1.55788
4434 -0.907893 -1.34591
1453 -1.43042 -0.766012
3923 -1.43184 -0.667333
1855 -1.7722 -0.680729
1791 -2.04762 -0.554671
1965 -1.71865 -0.655205
1707 -1.6106 -0.673628
1802 -1.93524 -0.581724
4756 -0.689907 -1.47689
5828 -0.833556 -1.24037
6098 -0.713629 -1.49324
3586 -0.666893 -1.66462
8169 -0.431488 -2.71915
3044 -1.20414 -0.913561
3053 -1.26361 -0.905289
376 -2.5295 -0.384231
46 -2.52697 -0.433928
749 -1.91395 -0.543947
639 -2.21293 -0.504663
3274 -0.775405 -1.44642
1705 -1.41192 -0.848514
315 -2.00467 -0.485535
802 -2.44755 -0.43678
1018 -1.36067 -0.896278
898 -1.18704 -0.965154
1296 -1.39754 -0.799464
5466 -0.587025 -1.78344
3787 -0.674332 -1.65125
5857 -0.624088 -1.80306
4355 -0.70283 -1.57444
4576 -0.674855 -1.75351
5809 -0.513509 -2.07914
5391 -0.637603 -1.68114
6587 -0.980356 -1.38606
4162 -0.996317 -1.13349
3256 -1.12921 -1.01075
1990 -0.954375 -1.18451
6765 -0.599944 -2.00243
5415 -0.686132 -1.66529
7818 -0.570352 -1.96398
5529 -0.456547 -2.52506
7049 -0.546168 -2.62842
7795 -0.437435 -2.80764
3381 -0.497918 -2.34374
1247 -1.04438 -1.03542
2354 -0.887362 -1.25304
2504 -1.14194 -1.0024
2133 -1.49993 -0.795875
2345 -1.50955 -0.902877
2587 -1.37182 -0.840678
2654 -1.18457 -0.967591
2824 -1.16358 -0.893595
2231 -1.33505 -0.867433
2501 -1.42607 -0.740136
2594 -1.20332 -0.897338
4273 -1.13669 -1.02875
203 -1.45709 -0.714026
2736 -1.49094 -0.699761
2595 -1.09088 -1.01578
103 -1.21366 -0.896003
5503 -0.887757 -1.21074
3786 -0.726457 -1.52494
5341 -0.856198 -1.31949
4671 -0.63025 -1.62651
358 -2.66829 -0.361718
334 -1.92097 -0.538391
956 -2.4542 -0.392876
677 -2.40716 -0.508844
676 -2.43422 -0.601364
379 -2.85331 -0.370371
391 -2.49305 -0.414936
2257 -0.954556 -1.25323
3926 -1.24706 -0.933166
3645 -0.949179 -1.27004
1510 -1.56022 -0.729167
180 -2.21962 -0.390863
183 -2.59178 -0.379248
3 -2.91291 -0.380215
34 -2.80656 -0.337811
223 -2.76794 -0.326274
1476 -1.83991 -0.557648
4866 -0.765167 -1.67433
3433 -0.757595 -1.59712
4581 -0.932209 -1.54227
2831 -0.759032 -1.43985
1196 -1.74993 -0.825395
4272 -0.881408 -1.31578
3366 -0.721945 -1.5466
4255 -0.916121 -1.23744
2229 -1.14546 -0.95584
7129 -0.524677 -2.42035
5500 -0.542833 -2.12199
2085 -1.64759 -0.765642
2091 -1.45019 -0.77221
6566 -1.00226 -1.14605
4993 -0.689849 -1.67291
6900 -0.62497 -1.96527
6330 -0.962243 -1.20883
6554 -0.602755 -2.10949
6555 -0.511963 -2.16786
5796 -0.525545 -2.17888
2794 -1.26838 -0.943832
1098 -0.816619 -1.31533
2785 -0.775917 -1.49953
826 -1.55578 -0.694878
1600 -1.77314 -0.60923
1553 -1.47604 -0.748103
3021 -1.33337 -0.857674
5829 -0.602326 -1.89233
8042 -0.719056 -1.42391
559 -1.84674 -0.556484
820 -1.57049 -0.674311
1760 -2.04899 -0.523787
215 -1.88899 -0.51036
139 -2.02594 -0.448718
49 -2.39681 -0.431767
517 -3.05913 -0.352651
81 -2.7237 -0.391982
320 -2.42681 -0.415895
1020 -2.6577 -0.35584
5861 -0.536374 -1.89678
5863 -0.647808 -1.66384
5721 -0.914017 -1.26837
4795 -0.667479 -1.62065
1915 -0.79924 -1.25642
2974 -0.968457 -1.15904
8293 -1.08264 -1.12972
2948 -1.30641 -0.923894
2371 -1.14982 -0.999426
2623 -1.09096 -1.03432
2506 -1.23392 -0.891215
1769 -0.921747 -1.20317
4719 -0.796542 -1.41376
3956 -0.79788 -1.40868
4041 -0.681145 -1.68964
2160 -0.80472 -1.39547
2324 -1.34133 -0.836413
3650 -1.00926 -1.1638
4400 -0.874205 -1.25806
2613 -1.00524 -1.11559
3541 -1.07289 -1.13485
2976 -1.04653 -1.16757
3463 -0.83774 -1.38806
2841 -1.53068 -0.613968
4039 -0.888196 -1.29742
4001 -0.685795 -1.48728
3073 -0.754327 -1.51919
6634 -0.659316 -1.88686
2880 -1.36333 -0.85623
2113 -1.49508 -0.805339
2579 -1.42113 -0.815605
5612 -0.674024 -1.67479
6600 -0.807488 -1.4903
6601 -0.660265 -1.78668
6784 -0.773193 -1.41894
3445 -0.850337 -1.31465
5691 -0.634411 -1.66776
120 -1.74826 -0.591392
2236 -1.31101 -0.849904
1167 -1.54909 -0.705229
1424 -1.64944 -0.671975
1484 -1.77764 -0.597703
1463 -1.28707 -0.834193
3140 -1.36071 -0.898843
5419 -0.703318 -1.36868
3010 -0.977221 -1.12255
4290 -0.924884 -1.24669
6359 -0.605209 -2.08256
5396 -0.58796 -2.00418
5180 -0.645467 -1.63237
5184 -0.638518 -1.6618
7855 -0.590462 -2.1155
4884 -0.53609 -2.26863
5210 -0.577662 -1.91485
4276 -0.845788 -1.33338
2379 -0.956235 -1.10156
3225 -1.14981 -0.972969
2658 -0.631779 -1.71894
650 -1.6543 -0.606808
1100 -1.39328 -0.839637
8134 -0.531233 -1.91833
2535 -0.947489 -1.16922
2802 -0.84378 -1.35278
2325 -1.04646 -1.13165
2645 -1.13423 -1.10834
5011 -0.648905 -1.69584
1644 -0.987992 -1.12103
4678 -0.632167 -1.81134
4331 -0.810361 -1.42109
4065 -0.725385 -1.50364
2011 -1.05021 -1.04394
3425 -0.927503 -1.42641
5375 -0.7108 -1.76064
2667 -0.863159 -1.28796
6029 -0.796263 -1.48799
3678 -1.08059 -1.03958
5421 -0.599145 -1.95996
8181 -0.665343 -2.60375
3142 -0.439897 -3.10416
7389 -0.492911 -2.78518
2983 -0.439713 -2.42766
7835 -0.450922 -2.46133
6327 -0.600195 -1.96507
3028 -0.984653 -1.15812
1888 -1.47876 -0.807394
1375 -1.66678 -0.624293
1030 -2.76348 -0.322318
1193 -1.93611 -0.588683
1114 -1.76136 -0.575708
1679 -1.53267 -0.733237
2861 -2.03975 -0.514036
200 -2.19386 -0.47169
190 -2.1132 -0.513948
25 -2.7283 -0.351075
273 -2.97507 -0.335834
14 -2.38443 -0.381906
881 -3.36415 -0.488387
670 -2.90257 -0.450629
2273 -1.25056 -0.974618
6578 -0.933067 -1.48219
2317 -0.958518 -1.41764
2310 -0.92325 -1.38794
6538 -0.695093 -1.75402
2620 -0.687445 -1.68744
6306 -0.864599 -1.26483
6776 -0.576329 -1.98986
6855 -0.97818 -1.29536
7057 -0.467993 -2.61184
5110 -0.628146 -1.84976
2592 -0.923088 -1.27009
3276 -0.901931 -1.21731
104 -1.95622 -0.500965
1785 -1.81486 -0.501232
1441 -1.87161 -0.574269
387 -2.12553 -0.450395
5714 -0.750992 -1.55861
6456 -0.730312 -1.75833
1629 -1.81206 -0.545134
1594 -1.63212 -0.676319
1732 -1.48992 -0.696567
695 -1.56387 -0.652664
755 -2.29418 -0.357083
2781 -1.46844 -0.83635
3466 -1.25518 -0.90936
2165 -1.61817 -0.725762
1420 -1.91744 -0.551461
1242 -2.10656 -0.519087
1278 -1.80948 -0.612661
4175 -0.831574 -1.36235
2523 -1.41164 -0.949172
968 -1.52529 -0.894704
2240 -0.994469 -1.12636
4123 -0.911725 -1.16348
3912 -0.994466 -1.06494
844 -2.00496 -0.501806
2455 -1.56261 -0.785468
2094 -1.54072 -0.772543
1336 -1.30921 -0.814916
2914 -0.57988 -1.7428
2417 -1.43849 -0.606924
4119 -0.93619 -1.19777
813 -1.3195 -0.822181
343 -2.94562 -0.339723
1718 -2.472 -0.415512
1768 -1.86662 -0.635433
1983 -1.69706 -0.701503
2973 -1.22988 -0.948468
4422 -0.980528 -1.37006
87 -1.52535 -0.629824
1261 -1.87727 -0.547667
341 -2.53196 -0.380993
681 -2.56793 -0.431706
428 -2.32091 -0.389074
590 -2.83195 -0.381121
566 -2.78558 -0.370181
316 -2.09337 -0.525135
1614 -1.2647 -0.897635
44 -1.63781 -0.618132
2472 -1.38157 -0.766579
1305 -1.27887 -0.858472
3492 -0.750533 -1.55759
3290 -0.950748 -1.18587
4824 -0.691929 -1.61507
3822 -1.1065 -1.09155
3871 -0.993275 -1.12277
1706 -1.14482 -1.00286
5008 -0.569631 -2.20015
8051 -0.442042 -2.60665
4725 -0.680908 -1.47283
1837 -1.44125 -0.782608
1236 -1.64132 -0.662071
5231 -0.629172 -2.10369
2713 -1.02792 -1.17155
5092 -0.675228 -1.57634
3691 -0.660084 -1.69335
6043 -0.528784 -2.31311
8073 -0.434985 -2.72289
5872 -0.519042 -2.0513
2252 -1.19275 -0.90902
4212 -0.809488 -1.37504
4037 -0.791303 -1.45597
195 -2.06966 -0.472313
4534 -0.648209 -1.68192
6981 -0.407871 -2.07878
6982 -0.543835 -1.88281
5800 -0.556769 -2.05443
8219 -0.514015 -2.29363
5185 -0.522265 -2.24647
2696 -0.961815 -1.13469
1585 -1.50085 -0.710331
3018 -1.55317 -0.823359
7131 -0.709321 -1.69614
6229 -1.04707 -1.10866
6108 -0.877682 -1.5986
805 -1.56219 -0.653805
1006 -1.87065 -0.555483
1599 -1.83666 -0.512079
4587 -0.796077 -1.46065
2746 -1.20575 -0.951986
1157 -1.46447 -0.721612
1156 -1.95667 -0.486191
1158 -2.09951 -0.437798
111 -2.6228 -0.388443
252 -2.93221 -0.31019
8112 -0.863283 -1.56716
6907 -0.460731 -2.41263
7901 -0.470876 -2.76235
6006 -0.5511 -1.94073
5936 -0.899917 -1.19839
4224 -0.837772 -1.3922
5756 -0.570126 -1.74592
4962 -0.74197 -1.47529
2145 -1.0072 -1.09719
1717 -1.54334 -0.743553
744 -1.657 -0.725742
2225 -1.24671 -0.891103
893 -2.06578 -0.485459
392 -3.27158 -0.32168
365 -2.88379 -0.360291
477 -2.80866 -0.455555
476 -2.95631 -0.360405
90 -2.04894 -0.482546
231 -1.82995 -0.524669
739 -2.3298 -0.424265
647 -1.86752 -0.525618
7351 -0.425502 -2.44122
6000 -0.508172 -2.55227
5772 -0.45231 -2.54178
865 -1.55827 -0.678728
930 -1.93731 -0.502475
290 -1.45447 -0.729653
4222 -0.868854 -1.35432
1608 -1.41916 -0.768812
626 -2.1307 -0.524393
1359 -1.8064 -0.494743
2186 -0.871883 -1.2527
3658 -0.651175 -1.7061
1199 -1.8635 -0.63789
1964 -1.35494 -0.984862
7214 -0.51459 -2.52104
5193 -0.476923 -1.8304
3378 -0.769872 -1.46124
2206 -1.62184 -0.576247
1646 -1.43333 -0.831186
5432 -0.784795 -2.2141
136 -1.08454 -0.960228
431 -2.41088 -0.424066
94 -2.81588 -0.340021
130 -2.321 -0.490078
524 -2.46861 -0.387824
78 -2.8782 -0.437308
317 -1.98467 -0.495593
1319 -1.67094 -0.64314
1123 -2.42795 -0.388907
810 -2.31 -0.448794
370 -2.60627 -0.433025
2055 -1.80747 -0.649557
1111 -1.52221 -0.74452
5637 -0.782412 -1.50074
2619 -1.11997 -1.03934
5563 -0.851701 -1.56665
6928 -0.865667 -1.7118
1661 -1.11282 -1.03546
5775 -0.702969 -1.66659
4465 -1.09235 -1.36754
2433 -0.822861 -1.50154
2859 -0.940423 -1.21819
7153 -0.593493 -2.39017
2258 -0.723568 -1.52158
2680 -0.745783 -1.50321
1901 -1.90857 -0.624314
2747 -1.01607 -1.12153
93 -2.91219 -0.348429
140 -2.67624 -0.348626
1986 -1.51956 -0.705946
989 -2.17924 -0.470781
1286 -1.19412 -0.875072
2425 -1.76266 -0.628433
760 -2.00235 -0.519232
255 -2.16365 -0.423696
352 -2.48773 -0.365517
793 -3.16553 -0.346421
39 -2.7569 -0.375714
192 -2.58103 -0.40069
668 -2.57773 -0.390165
3443 -1.01302 -1.17381
3481 -1.1512 -1.07159
2799 -1.14726 -1.00056
3748 -0.968059 -1.15781
3686 -0.855584 -1.39573
2819 -1.24295 -0.960584
4056 -0.896938 -1.26614
3858 -1.1794 -1.05345
2842 -1.04646 -1.10525
2775 -0.786383 -1.38817
723 -2.02025 -0.536542
635 -1.81365 -0.57849
556 -2.00349 -0.488937
7050 -0.590503 -1.87603
7862 -0.650901 -1.79293
5238 -0.744195 -1.65083
4437 -0.609774 -1.76008
2480 -0.629822 -2.02387
5136 -0.609016 -1.92226
7225 -0.484331 -2.42167
6340 -0.501961 -2.70779
596 -2.59258 -0.356152
611 -2.65214 -0.379341
1787 -1.69536 -0.640395
2211 -1.6938 -0.718345
2385 -1.36152 -0.911076
5661 -0.638385 -1.71291
5743 -0.675391 -1.57755
3522 -0.78255 -1.42784
4781 -0.736703 -1.62967
1128 -2.12068 -0.47005
3480 -1.22074 -0.918989
33 -2.598 -0.403648
165 -2.84337 -0.353027
364 -1.91797 -0.545365
300 -3.0002 -0.370038
157 -2.63138 -0.38937
837 -1.64153 -0.65553
179 -2.58237 -0.352367
2246 -1.64203 -0.664864
1864 -2.0052 -0.558952
7576 -1.23674 -0.862069
1413 -2.05299 -0.529771
168 -3.13905 -0.359489
648 -2.51442 -0.301114
1464 -2.25966 -0.451111
1285 -1.5376 -0.765072
750 -1.87468 -0.557974
1836 -1.47837 -0.753169
2830 -1.27445 -0.908823
5305 -0.748964 -1.71353
3554 -0.798248 -1.35116
1049 -1.47862 -0.829356
564 -2.6622 -0.37366
1468 -1.52818 -0.680697
2033 -0.857359 -1.27121
6162 -0.5152 -2.12901
5073 -0.814426 -1.43371
2114 -1.24286 -0.94579
3259 -1.25778 -0.915957
3587 -0.916698 -1.28233
4936 -0.708491 -1.92156
4982 -0.648937 -1.71923
3034 -1.13825 -0.981921
95 -1.88366 -0.455954
674 -2.56024 -0.395266
549 -2.54994 -0.370189
942 -2.86197 -0.316012
4088 -1.75035 -0.585145
1762 -1.19313 -0.929429
3002 -0.990364 -1.13092
3056 -0.947332 -1.21602
1697 -1.32234 -0.867101
1533 -1.81841 -0.576603
707 -1.91033 -0.530037
333 -2.5324 -0.344399
254 -2.78823 -0.32921
204 -1.6204 -0.632261
868 -2.23554 -0.506207
12 -2.43174 -0.384036
406 -1.49704 -0.616314
7890 -0.908196 -1.41935
7373 -0.552177 -2.11245
7615 -0.418742 -2.32267
4425 -0.768378 -1.67193
6334 -0.689296 -1.78887
3309 -0.911189 -1.27643
6498 -1.20179 -0.95358
6494 -0.500163 -2.24226
1714 -1.53413 -0.792021
1390 -1.5599 -0.725969
1055 -1.25197 -0.880872
2647 -1.45692 -0.774928
2662 -1.14515 -0.938978
1051 -0.992228 -1.07652
2210 -1.42567 -0.831567
2340 -1.48016 -0.832865
2844 -1.19879 -0.950097
3376 -1.05232 -1.06015
4024 -1.18293 -0.974333
4043 -1.01528 -1.15049
3681 -1.13445 -0.97812
2508 -1.41031 -0.763996
719 -2.27328 -0.491186
6902 -0.418668 -2.76765
7677 -0.438159 -2.79038
5859 -0.427245 -2.51167
1612 -0.459079 -2.87665
7906 -0.480724 -3.02553
5741 -0.493814 -2.86872
7021 -0.621778 -2.70239
8192 -0.517107 -2.16541
1670 -1.5158 -0.712295
5404 -0.670647 -1.68192
362 -2.93767 -0.365485
4482 -0.694617 -1.73579
4967 -0.659192 -1.73442
71 -1.59692 -0.63066
1140 -1.55183 -0.64044
280 -2.02862 -0.49503
2102 -1.27154 -0.933339
1419 -1.28541 -0.884283
2760 -0.834928 -1.34346
3615 -0.97024 -1.17382
2003 -0.6261 -1.79352
4764 -0.530269 -2.10873
7833 -0.568037 -1.9245
7757 -0.498787 -2.33369
7694 -0.508364 -2.44667
7295 -0.656473 -1.49089
3643 -0.764229 -1.43336
1667 -0.50621 -2.22898
1497 -1.83991 -0.566848
1916 -1.60093 -0.916481
1284 -1.60203 -0.68632
1992 -1.46114 -0.858487
182 -2.1526 -0.4471
3150 -1.16958 -1.03186
5539 -0.721296 -1.43339
6166 -0.637138 -1.96534
3633 -1.08968 -1.0864
2490 -0.870307 -1.27209
853 -1.78808 -0.590021
7910 -0.688987 -2.71421
6790 -0.5346 -2.11335
5191 -0.893316 -1.31155
840 -0.665049 -1.60578
4247 -0.831503 -1.40764
1085 -2.13741 -0.480556
7053 -0.42733 -2.84016
8053 -0.43376 -2.90327
8235 -0.51457 -3.27996
2507 -1.13659 -0.966731
5176 -0.725471 -1.50623
3032 -0.685399 -1.57097
7280 -0.47264 -2.70702
7301 -0.497605 -2.38264
6833 -0.949515 -1.17233
4343 -0.784015 -1.52795
5527 -0.843924 -1.37833
5891 -0.562043 -1.91218
4527 -0.746215 -1.4296
5963 -0.728419 -1.50869
4542 -0.566104 -2.01099
1691 -1.26128 -0.825726
6347 -0.746386 -1.50459
1259 -1.52621 -0.700073
552 -2.57506 -0.382467
454 -2.58855 -0.359229
430 -2.87901 -0.35144
1823 -0.747097 -1.62155
730 -2.19266 -0.452858
1186 -1.91244 -0.557061
2537 -1.94749 -0.487638
4792 -0.706895 -1.48133
5506 -0.701677 -1.51271
5650 -0.713051 -1.53235
5784 -0.623224 -1.84938
6255 -0.743342 -1.45284
3869 -0.91003 -1.32499
5839 -0.47089 -2.38132
6096 -0.555471 -1.85299
2550 -1.45054 -0.793545
2660 -1.15704 -0.98145
1462 -1.51568 -0.803766
2685 -1.53617 -0.744582
4009 -0.655554 -1.71174
1611 -1.17106 -0.629979
2251 -1.29323 -0.852079
6251 -0.752126 -1.50038
4746 -0.655875 -1.61872
1603 -1.65162 -0.598959
336 -1.41502 -0.736323
7445 -0.484155 -2.29351
5524 -0.535537 -1.95577
3593 -0.546969 -1.9603
3408 -1.23741 -0.931362
937 -1.696 -0.574911
1046 -2.04123 -0.523065
1908 -1.62318 -0.620145
1335 -1.34672 -0.806364
1492 -1.43461 -0.74461
6800 -0.684545 -1.53347
6801 -0.533967 -2.0881
3752 -0.562336 -2.28843
6174 -0.636936 -1.83307
6628 -0.606621 -1.99498
5103 -0.479191 -2.36958
4793 -0.52021 -2.06314
6848 -0.475696 -2.1469
7727 -0.520084 -2.50124
1356 -1.29567 -0.806933
1937 -0.964439 -1.22022
2073 -1.62708 -0.702745
2112 -1.86822 -0.662253
1833 -1.89419 -0.505242
2088 -1.91684 -0.530395
3301 -1.09807 -0.992233
4954 -1.06445 -1.00958
1966 -1.64691 -0.643735
991 -2.16809 -0.484987
35 -2.2917 -0.449162
645 -2.05347 -0.467995
1043 -1.64668 -0.671629
2375 -1.21401 -1.0216
7574 -0.500862 -2.23608
737 -0.676064 -1.61286
3809 -0.517025 -2.07938
2544 -1.0901 -1.1751
5620 -0.622941 -1.58212
5792 -0.494607 -1.78482
5600 -0.902481 -1.33582
941 -2.09605 -0.512239
1647 -1.03163 -1.03321
4046 -0.629419 -1.70706
3001 -1.09373 -0.985749
696 -2.32291 -0.383999
30 -2.50444 -0.383622
16 -1.98045 -0.527111
1796 -0.547007 -1.97166
3800 -1.13384 -1.07244
822 -2.2422 -0.413479
6913 -0.692693 -1.57459
4669 -0.582221 -1.89665
543 -2.71606 -0.361522
5201 -0.54594 -1.87419
2473 -1.34367 -0.822268
5658 -0.580344 -2.02779
6039 -0.660541 -1.64934
5437 -0.663598 -1.78772
5751 -0.767794 -1.54127
5096 -0.628006 -2.56211
7948 -0.783324 -2.59552
68 -0.623448 -1.68091
5495 -0.615224 -1.34384
3920 -0.752364 -1.45357
3099 -1.19695 -0.95678
4814 -0.80023 -1.49311
8221 -0.505652 -2.59053
5902 -0.477457 -2.69251
641 -2.50594 -0.327736
66 -2.20128 -0.422016
5 -2.79512 -0.324852
2877 -1.47553 -0.816692
2703 -1.28497 -0.875923
3892 -1.20364 -0.984588
7035 -0.560961 -2.11238
726 -2.44086 -0.371781
2593 -1.34512 -0.835421
3536 -1.12412 -1.02568
1330 -1.94947 -0.573622
3538 -1.00451 -1.14625
2322 -1.40579 -0.772865
587 -2.00927 -0.496348
302 -2.68804 -0.365977
363 -2.55201 -0.400666
429 -1.52774 -0.775964
2963 -1.30246 -0.90069
742 -1.46245 -0.762828
857 -2.54781 -0.427187
4798 -0.696257 -1.65602
2559 -1.28843 -0.840415
2783 -0.735739 -1.79209
7198 -0.486093 -2.50038
7860 -0.585167 -2.14778
6460 -0.402935 -2.24391
5204 -0.673433 -1.6797
4432 -0.572202 -2.04777
6613 -0.711674 -1.56421
6815 -0.46957 -2.14234
5732 -0.927824 -1.32985
5850 -0.611273 -1.62185
5693 -0.800484 -1.43215
3117 -1.2491 -0.913978
6346 -0.629059 -1.76031
4233 -1.06056 -1.14711
2076 -1.6998 -0.751199
6770 -0.869483 -1.43869
6004 -0.783123 -1.39622
425 -0.963684 -1.18326
6023 -0.493252 -2.054
1751 -1.70895 -0.658017
1784 -1.71012 -0.49222
1569 -2.2196 -0.439489
882 -2.35961 -0.449042
897 -1.75765 -0.471771
3293 -0.561055 -2.24158
2665 -1.39631 -0.877355
1384 -1.2941 -0.910355
6082 -0.505308 -2.14691
5028 -0.54232 -2.10962
1927 -1.81077 -0.584432
1620 -1.81327 -0.666344
6737 -0.442389 -2.71291
7726 -0.448973 -2.73636
7930 -0.414594 -2.02596
1009 -1.07347 -0.896682
5399 -0.66635 -1.77734
1506 -1.48272 -0.689019
5245 -0.729456 -1.77881
6302 -0.48551 -2.20203
5569 -0.773651 -1.42151
5790 -0.688598 -1.57189
1291 -1.32321 -0.91608
2926 -1.58606 -0.760051
8287 -2.79441 -0.380491
367 -2.74753 -0.374384
106 -2.05404 -0.502966
18 -2.73925 -0.395718
158 -2.75173 -0.399513
426 -2.98132 -0.346479
1218 -2.18118 -0.423681
1950 -2.34201 -0.463693
971 -1.98927 -0.550322
3478 -0.757003 -1.35505
27 -1.88267 -0.436537
1857 -1.1968 -1.08046
1941 -1.26601 -1.34724
6151 -0.507763 -2.40199
3847 -1.12611 -1.0313
2488 -0.925014 -1.31997
4651 -0.729359 -1.46192
4363 -0.702196 -1.55491
1113 -0.758867 -1.38464
4706 -1.02882 -1.12607
4256 -1.06226 -1.10238
1352 -1.53885 -0.736916
6552 -0.732942 -1.46888
126 -1.88961 -0.515417
5160 -0.925346 -1.43014
1571 -1.12567 -1.00832
1561 -1.55888 -0.583766
3807 -1.13577 -0.958984
2764 -0.766437 -1.42394
1412 -1.91888 -0.796843
1346 -1.26629 -0.999088
4289 -1.05821 -1.08319
1592 -1.40762 -0.829125
5069 -0.790266 -1.66753
1159 -0.786163 -1.12239
3136 -1.69859 -0.668331
110 -2.14591 -0.430448
2008 -1.81032 -0.48301
5316 -0.622537 -1.82266
5846 -0.615824 -1.85399
4402 -0.914786 -1.21921
4299 -1.03545 -1.13022
1185 -1.12989 -1.11621
706 -2.17195 -0.455451
714 -2.37096 -0.436072
5757 -0.51631 -1.9644
2900 -1.1614 -0.980952
2778 -1.68365 -0.702953
1248 -1.69086 -0.637382
1102 -1.50928 -0.699842
3965 -0.904964 -1.23393
4124 -0.872028 -1.30456
4040 -0.683033 -1.55453
237 -2.06991 -0.443329
3769 -1.27605 -0.888594
2348 -1.37896 -0.913827
2338 -1.25294 -0.92572
2356 -1.26442 -0.859874
356 -2.25437 -0.416394
999 -1.91291 -0.628378
227 -1.88771 -0.528446
2410 -1.20107 -0.918372
3164 -1.39584 -0.81392
4429 -0.838892 -1.44051
1137 -1.34481 -0.813451
1350 -1.78831 -0.594091
4211 -0.816857 -1.40362
2129 -0.849436 -1.3361
5083 -0.668534 -1.58589
7624 -0.524167 -2.24609
1467 -0.63376 -1.60544
2687 -1.16024 -0.974306
232 -2.04819 -0.467677
838 -1.9909 -0.512264
6780 -1.00504 -1.33158
8084 -1.08753 -1.45446
967 -0.529643 -2.09054
6938 -0.661818 -1.89988
8212 -0.724798 -1.5602
5551 -0.426196 -2.20052
2298 -1.18186 -0.904288
312 -2.27829 -0.413101
6875 -0.772076 -1.55869
173 -1.76645 -0.594981
2069 -1.64982 -0.775414
2068 -1.33483 -1.1519
1783 -1.37867 -0.849857
7086 -0.444276 -2.26115
8263 -0.350397 -2.89139
7047 -0.461155 -2.51082
772 -1.62394 -0.619103
1884 -2.02565 -0.489187
972 -1.5806 -0.578965
3390 -0.666758 -1.63419
6774 -0.727896 -1.52648
795 -1.65433 -0.65165
546 -1.42994 -0.692282
5690 -0.681704 -1.40834
5807 -0.501077 -2.14931
5753 -0.739131 -1.63223
5121 -0.630748 -1.8746
1985 -1.15843 -0.992766
1752 -1.98176 -0.613713
6280 -0.542511 -1.64884
5768 -0.408771 -2.36348
5393 -0.359241 -2.82277
7257 -0.465229 -2.34411
3782 -1.17771 -0.877772
5064 -0.508678 -2.59531
3088 -0.441569 -2.46514
5217 -0.592817 -1.81856
3665 -0.612681 -1.86474
2653 -1.10164 -1.03359
4481 -0.908008 -1.04612
3803 -1.341 -0.822031
580 -0.64271 -1.79311
689 -1.73105 -0.559826
2913 -1.19674 -0.935737
4712 -0.724971 -1.55288
4384 -1.10419 -1.05313
622 -2.36724 -0.389297
2387 -0.72943 -1.58914
4303 -0.936226 -1.18665
64 -1.59301 -0.794277
1973 -1.65023 -0.63981
2814 -1.5179 -0.820171
3038 -1.11407 -0.924988
3548 -1.07048 -0.953028
1039 -2.23971 -0.438269
6612 -0.681854 -1.81989
6953 -0.599597 -1.93796
4474 -0.779552 -1.71795
1041 -0.717996 -1.59521
3321 -0.7631 -1.48031
4335 -0.780167 -1.47622
3173 -1.0994 -1.02763
2787 -0.776771 -1.45301
2774 -0.926137 -1.24626
5844 -0.599257 -1.83265
7553 -0.533724 -2.16966
263 -1.80478 -0.526109
1987 -1.73075 -0.691649
6246 -0.862023 -1.40118
4483 -0.649781 -1.70566
3351 -1.2913 -0.902742
3483 -0.930439 -1.16678
4353 -0.642504 -1.58839
1437 -1.28013 -0.886501
4347 -0.445576 -2.68171
6590 -0.433449 -2.45083
1279 -1.65118 -0.64419
545 -1.83357 -0.548167
1245 -1.75421 -0.559904
787 -0.834337 -1.42687
5562 -0.646761 -1.61463
4976 -0.574299 -1.91561
2909 -0.713525 -1.58105
221 -2.96775 -0.358186
50 -2.65654 -0.375716
7378 -0.557843 -2.21892
3310 -0.625778 -1.69603
7544 -0.446358 -2.72465
8083 -0.71082 -1.61716
2276 -1.07187 -1.05334
7023 -0.517943 -2.46435
5817 -0.591371 -1.86537
274 -2.61851 -0.383891
40 -2.94741 -0.335917
7231 -0.529247 -1.98977
7088 -0.635443 -1.86008
7490 -0.501053 -2.12754
5378 -0.488093 -2.55401
6317 -0.737773 -1.56328
4980 -0.682705 -1.81266
6905 -0.798015 -1.22956
1794 -1.15646 -0.877529
1072 -1.96414 -0.582851
5055 -0.871842 -1.33324
4386 -0.883 -1.26302
583 -2.29858 -0.450258
5799 -0.599898 -1.90198
5029 -0.674365 -1.577
1583 -1.43744 -0.787565
3371 -1.17607 -0.983833
2890 -1.60821 -0.727466
875 -2.33898 -0.42413
197 -1.85435 -0.548884
5740 -0.633969 -1.52618
1805 -1.59775 -0.777388
1360 -1.00487 -1.06909
4187 -0.766445 -1.58251
4924 -0.698989 -1.7883
4899 -0.68428 -1.62342
947 -1.26835 -1.0072
1839 -1.7181 -0.602417
3921 -0.966685 -1.16623
6906 -0.468244 -2.22186
2274 -1.57121 -0.610409
2689 -0.562787 -1.9924
3451 -0.80178 -1.34171
4142 -0.931647 -1.27675
4665 -0.709196 -1.64716
5624 -0.606427 -1.74075
3922 -0.643074 -1.83449
6618 -0.576199 -2.47821
7318 -0.991215 -2.85365
7317 -1.03393 -2.54547
3777 -0.836813 -1.4161
1723 -1.51443 -0.809295
6899 -0.541512 -1.98078
6400 -0.928443 -1.32442
3253 -1.18681 -0.9485
5827 -0.696491 -1.7207
7400 -0.529444 -2.22497
7565 -0.758635 -1.66071
7587 -0.521039 -2.4548
6432 -0.739517 -1.73304
6299 -0.490431 -2.23198
7337 -0.46521 -2.41077
4364 -0.573658 -1.73981
8225 -0.386966 -2.53793
994 -1.76582 -0.552573
995 -2.53807 -0.418455
108 -2.86116 -0.336173
322 -2.4451 -0.456414
54 -2.68141 -0.389114
604 -2.51398 -0.386099
6714 -0.580177 -1.89693
4942 -0.670771 -1.42418
5482 -0.707901 -1.68435
7255 -0.381664 -2.35514
4700 -0.948687 -1.32696
5119 -0.67812 -1.63393
1124 -1.94213 -0.633882
1266 -1.77757 -0.598424
2979 -1.37585 -0.880714
1190 -2.53582 -0.346176
2676 -1.56167 -0.813307
1154 -1.99475 -0.556499
4435 -0.479641 -2.51517
5596 -0.608357 -1.80894
584 -2.81465 -0.383775
17 -2.98589 -0.358712
957 -2.33674 -0.424539
1277 -2.26954 -0.451755
5749 -0.737014 -1.40384
4338 -1.01957 -1.13489
554 -1.70429 -0.619237
3660 -0.991281 -1.19208
3621 -1.49801 -0.558911
703 -2.52342 -0.303934
651 -2.36879 -0.376328
378 -2.6148 -0.392881
219 -2.17054 -0.439313
396 -2.91356 -0.389547
728 -2.2858 -0.413763
735 -2.29268 -0.392668
731 -2.43041 -0.386442
495 -1.54589 -0.516054
150 -1.92317 -0.509456
4620 -0.75046 -2.51459
4704 -0.856519 -1.32811
3985 -0.749533 -1.49921
3811 -1.32601 -0.988263
3024 -1.23133 -0.957453
3435 -1.3811 -0.802354
656 -3.03236 -0.336883
1425 -2.08298 -0.556278
402 -2.48428 -0.42231
7040 -0.781945 -1.31942
7110 -0.526658 -1.94194
4547 -0.657658 -1.69919
6563 -0.475846 -2.04108
2264 -1.28225 -0.872855
2744 -0.632799 -1.65052
950 -0.882062 -1.02777
1132 -1.22908 -0.842095
359 -2.94463 -0.334606
1080 -2.02476 -0.487503
3506 -1.5397 -0.654042
877 -2.07178 -0.43809
955 -2.77062 -0.351685
3580 -1.1638 -0.925778
1037 -1.352 -0.827563
6270 -0.489568 -2.48143
6537 -0.364646 -2.38385
5675 -0.702914 -1.572
4986 -0.605843 -1.75664
1613 -1.31308 -0.910859
1641 -1.57636 -0.748726
7882 -0.500958 -2.64048
5199 -0.534166 -2.45006
7498 -0.419638 -2.6942
4486 -0.814126 -1.46089
7 -2.25363 -0.439289
3033 -1.40227 -0.807466
2906 -1.21791 -1.01752
77 -2.58156 -0.349113
2862 -2.01029 -0.547073
2882 -1.45937 -0.78164
1042 -1.3652 -0.843569
2172 -1.63869 -0.606687
5182 -0.65638 -1.73899
5761 -0.503394 -2.19701
5798 -0.685144 -1.66692
958 -2.71206 -0.360123
47 -2.43449 -0.408024
101 -2.76991 -0.377376
948 -1.82093 -0.607437
1270 -1.95926 -0.540181
2597 -0.999292 -1.14961
4681 -0.769217 -1.5726
1874 -0.900299 -1.23447
4277 -1.14257 -1.02147
1890 -1.93808 -0.540131
2378 -1.44444 -0.745201
2567 -1.29391 -0.802073
8292 -1.45379 -0.738905
5190 -0.69853 -1.47713
2277 -0.699682 -1.54554
2932 -1.05514 -1.11856
4846 -0.79508 -1.37686
4485 -0.949739 -1.21083
4031 -1.01094 -1.16945
778 -1.9436 -0.510479
3145 -0.839141 -1.32044
3816 -1.15331 -0.96422
634 -1.19308 -0.849937
909 -0.798571 -0.988226
911 -2.15048 -0.461786
592 -2.84947 -0.365304
3338 -1.24837 -0.958049
4298 -0.683359 -1.58732
1144 -2.10559 -0.486426
1524 -1.898 -0.584365
4811 -0.944878 -1.19343
6387 -0.618133 -1.90192
7204 -0.635518 -1.64935
5381 -0.607263 -1.6306
618 -2.00966 -0.479334
803 -1.97075 -0.524411
209 -2.06459 -0.484121
1814 -0.990206 -1.09282
3168 -0.937109 -1.17736
2509 -1.72418 -0.722962
2072 -1.36195 -0.778674
1024 -0.818516 -1.45301
1191 -0.482786 -2.62136
7871 -0.504934 -2.54936
3020 -1.18876 -0.969503
4417 -0.883358 -1.22341
5639 -0.627142 -1.7222
2116 -1.16702 -0.986394
1556 -2.01748 -0.520568
7771 -0.47453 -2.85339
7695 -0.557898 -2.01139
7912 -0.745611 -1.50056
3084 -0.702714 -1.47672
1557 -1.84417 -0.586935
5684 -0.708428 -1.80939
5808 -0.662423 -1.6461
1411 -1.45377 -0.739144
2195 -1.38715 -0.713034
6170 -0.543476 -2.00176
2177 -1.32969 -0.849228
2995 -1.23946 -0.883503
4646 -1.13148 -1.11801
3967 -1.04565 -1.1095
5614 -0.649459 -1.70564
807 -2.37367 -0.254148
7766 -0.617703 -1.99805
593 -2.79349 -0.349945
326 -2.94651 -0.312907
4529 -0.645909 -1.83973
5780 -0.583649 -1.80948
2809 -1.44348 -0.775278
7094 -1.22105 -1.00245
5668 -0.599869 -1.74054
8291 -1.27465 -0.922809
1637 -1.49711 -0.815581
2638 -1.32509 -0.851024
5763 -1.14344 -1.09478
5552 -0.764534 -1.50154
8295 -0.682355 -1.59306
5683 -0.602789 -1.81548
5682 -0.439322 -1.92621
1788 -1.88016 -0.608476
2071 -1.20635 -0.94713
7315 -0.426018 -2.52433
7588 -0.430218 -2.76215
7239 -0.489808 -2.46076
8189 -0.465323 -3.00667
7772 -0.430713 -3.11328
7386 -0.482727 -2.28714
7116 -0.494813 -2.62797
3000 -0.634299 -1.9171
2912 -1.09607 -1.03502
5712 -0.665536 -1.43165
5710 -0.590172 -1.44345
1832 -1.35418 -0.797678
1662 -1.97504 -0.51559
2224 -1.39456 -0.874483
3611 -1.06095 -1.05205
1912 -1.10744 -1.05135
4574 -0.675061 -1.71781
6293 -0.651816 -1.50481
6294 -0.625344 -1.75963
4707 -0.868074 -1.36578
3888 -1.10747 -1.15145
1362 -1.7667 -0.567129
2782 -0.74164 -1.77267
3333 -1.08453 -0.959337
7092 -0.607851 -1.86174
2095 -1.67511 -0.778717
2090 -1.67684 -0.8419
2185 -2.47832 -0.621895
2184 -2.56277 -0.471976
1875 -1.06196 -1.01337
2499 -1.55003 -0.725993
5200 -0.7291 -1.63588
4186 -0.87193 -1.44302
5532 -0.780742 -1.53551
2321 -0.893077 -1.37794
3671 -1.09508 -1.01647
5711 -0.58915 -1.51244
5499 -0.679153 -1.63748
5295 -0.594417 -2.01176
5095 -0.569715 -1.63692
3792 -0.862278 -1.26004
1565 -1.42844 -0.833868
1513 -2.30566 -0.444181
659 -2.41622 -0.409047
185 -2.12521 -0.477455
99 -0.491377 -2.37499
6414 -0.467927 -2.47401
4428 -0.628016 -1.73378
4349 -1.04811 -1.10344
1183 -1.52852 -0.701945
4944 -0.737591 -1.49876
3260 -1.09654 -1.04992
3537 -1.08244 -1.01958
6588 -1.00705 -1.41583
3780 -1.05427 -1.12611
3629 -1.21861 -1.0089
1215 -1.04064 -1.08847
2502 -1.45735 -0.764851
7679 -0.45583 -2.58275
4943 -0.547543 -2.08032
7594 -0.511165 -2.31109
6725 -0.605139 -2.16907
4564 -0.759172 -1.40694
5125 -0.670112 -1.67727
1977 -1.4537 -0.805021
824 -2.39085 -0.527421
2132 -1.59797 -0.521404
1243 -1.40026 -0.852496
4068 -0.869755 -1.15902
4137 -1.02526 -1.08127
2958 -1.12218 -1.04424
4042 -0.932734 -1.18527
191 -1.98201 -0.441195
849 -1.80975 -0.594713
653 -2.97098 -0.416464
2650 -1.34546 -1.05042
5931 -0.714813 -1.49227
6220 -0.576434 -1.766
1416 -1.17207 -0.965883
2255 -1.51274 -0.648221
2722 -1.42066 -0.741294
816 -1.53158 -0.706649
51 -2.84304 -0.360302
291 -0.877618 -1.25751
3557 -1.08423 -1.06283
6204 -0.886279 -1.37878
1597 -1.96823 -0.504558
1563 -1.89972 -0.577933
1593 -2.16988 -0.481117
541 -2.87327 -0.349404
1322 -1.48027 -0.840464
4190 -1.30237 -0.77408
2571 -1.4883 -0.745168
4578 -1.04818 -1.15919
3766 -1.06911 -1.07282
883 -2.08801 -0.364346
823 -1.87575 -0.538386
4524 -0.689826 -1.76155
5773 -0.591497 -1.89621
2605 -0.789086 -1.31811
2500 -1.48243 -0.693107
2381 -0.812244 -1.30902
4071 -0.783861 -1.49521
2339 -1.60194 -0.782708
729 -2.40392 -0.394967
2105 -2.04025 -0.471929
2320 -0.9343 -1.52542
6458 -0.676083 -1.80483
1758 -2.1358 -0.510004
1669 -1.80044 -0.67871
7813 -0.624364 -1.9586
6032 -0.53479 -2.08574
1716 -1.54587 -0.756004
1233 -1.97895 -0.504783
6570 -0.60815 -2.25751
366 -2.75151 -0.312379
4480 -0.848327 -1.40033
7529 -0.455456 -2.86547
6979 -0.740452 -1.55946
6528 -0.571376 -2.25532
43 -2.67517 -0.36326
327 -2.47532 -0.33412
2575 -1.25735 -0.893948
8035 -0.450184 -1.74289
5814 -0.538026 -2.14334
4152 -0.784604 -1.49123
7357 -0.461227 -2.92364
7197 -0.857214 -1.58228
5377 -0.825177 -1.58973
7745 -0.393716 -2.04218
4715 -0.649499 -1.68175
2669 -1.3805 -0.917048
5132 -0.747353 -1.33492
5118 -0.732154 -1.3303
7236 -0.462264 -2.20577
4403 -0.993746 -1.15021
5215 -0.849083 -1.48895
4138 -0.821043 -1.3659
2234 -1.13546 -1.09805
3393 -0.800116 -1.37704
1337 -1.93239 -0.474199
4201 -0.930964 -1.27633
4173 -1.01986 -1.12879
3030 -1.22241 -1.02336
1501 -1.6332 -0.626222
6934 -0.583622 -2.14918
6616 -0.574617 -2.1755
6984 -0.596349 -1.90542
2923 -1.16294 -0.973409
2599 -1.34475 -0.895353
7211 -0.563999 -2.51505
6584 -0.956127 -1.41628
6560 -0.55288 -2.09488
8211 -0.413513 -2.82449
8047 -0.392894 -3.11295
3863 -1.16114 -0.947173
5434 -0.588363 -1.81748
4938 -0.716954 -1.47108
4940 -0.532881 -2.10842
7675 -0.426813 -2.56171
7642 -0.432756 -2.7843
6976 -0.453965 -2.63873
1007 -2.83281 -0.329466
345 -2.55168 -0.357956
3933 -0.950379 -1.24184
5591 -0.483994 -2.26415
3661 -1.11535 -1.04901
3125 -0.847636 -1.25767
167 -3.01113 -0.317845
89 -2.87825 -0.350358
906 -2.45161 -0.325599
709 -2.4559 -0.265738
710 -1.72361 -0.634889
2740 -1.26989 -0.917234
3209 -0.932787 -1.24778
5925 -0.611738 -1.78905
6041 -0.731515 -1.88242
32 -2.34521 -0.434063
1010 -0.702889 -1.5636
6221 -0.644958 -1.49062
2413 -1.26539 -0.771507
3850 -0.795266 -1.35216
4532 -0.678551 -1.81565
2570 -1.44449 -0.809666
4076 -0.85794 -1.20969
6850 -0.589833 -2.0791
5812 -0.485906 -2.31449
6216 -0.596867 -2.01952
6635 -0.551634 -1.97736
1003 -0.476965 -2.16208
6870 -0.506911 -1.95751
6959 -0.609393 -1.87155
6532 -0.546442 -1.84116
3971 -1.17231 -0.977615
869 -2.34717 -0.513574
1005 -2.03172 -0.547052
1381 -1.46487 -0.790032
3126 -1.41824 -0.834306
164 -2.41437 -0.434735
386 -2.22621 -0.352078
349 -3.08295 -0.319131
2016 -1.11286 -1.09419
1896 -0.933486 -1.24916
5908 -0.442628 -2.8289
8046 -0.365782 -2.82441
7241 -0.53416 -1.69642
7005 -0.611724 -2.14356
5203 -0.713674 -1.44909
3343 -0.892839 -1.19164
1380 -1.96997 -0.561194
292 -3.08817 -0.357548
59 -2.13042 -0.478864
732 -2.35338 -0.398923
1282 -1.73411 -0.567299
1518 -1.64381 -0.573225
1478 -2.24367 -0.431255
412 -1.4193 -0.817979
4365 -0.640752 -1.53659
3068 -1.27118 -0.821099
3324 -1.20443 -0.833727
2299 -0.970101 -1.13004
2999 -1.28499 -1.00599
2281 -1.07343 -1.09776
3027 -0.757871 -1.48807
5871 -0.56256 -2.1289
1819 -1.16992 -1.08294
5050 -0.796567 -1.45855
6525 -0.644033 -1.74714
4557 -0.67818 -1.75096
987 -2.20147 -0.425529
2232 -1.64691 -0.57657
2902 -1.47127 -0.824669
246 -1.70677 -0.581397
48 -2.33445 -0.437366
2611 -1.00907 -1.09358
1547 -1.53906 -0.770988
4106 -1.09563 -1.09835
3046 -1.04304 -1.12788
3527 -1.03381 -1.1788
2541 -1.13048 -1.0625
2985 -1.02335 -1.12618
5360 -0.51592 -1.98524
5617 -0.687822 -1.91552
7578 -0.545677 -2.10732
8209 -0.461439 -2.70907
896 -0.88498 -1.2898
3754 -1.02517 -1.16214
372 -1.65188 -0.702226
2566 -1.03218 -1.10949
4748 -0.65524 -1.80937
5335 -0.68736 -1.6366
6681 -0.547719 -2.43705
5102 -0.617112 -2.08302
2724 -1.07916 -1.09229
8266 -0.756173 -2.55352
4507 -0.490095 -2.46734
6809 -0.460819 -2.26537
7735 -0.53183 -3.24954
7653 -0.43945 -2.66625
7601 -0.336935 -2.76416
7986 -0.43602 -2.89991
7187 -0.618504 -1.53771
6124 -0.487332 -2.12678
8226 -0.425966 -2.82241
7976 -0.737366 -2.5524
5192 -0.579962 -1.6771
5885 -0.689952 -1.66453
5897 -0.540601 -2.02093
1472 -1.52632 -0.684542
2121 -1.67878 -0.705416
2191 -1.50352 -0.651627
2241 -1.20408 -0.900912
6889 -0.394921 -2.69996
6421 -0.502109 -2.50871
7969 -0.456792 -2.8431
2332 -1.45794 -0.771777
4117 -1.0156 -1.12115
2289 -0.951097 -1.29806
4711 -0.875198 -1.3463
3528 -1.13219 -0.997843
770 -1.5974 -0.748475
746 -2.15783 -0.431925
2840 -1.32984 -0.839092
4401 -0.497341 -2.26813
6873 -0.552963 -1.95453
6263 -0.632123 -1.78357
3210 -0.784878 -1.46591
8092 -0.581852 -2.29334
4442 -0.584763 -1.66191
3313 -1.25755 -1.07736
3350 -0.80504 -1.42842
3901 -1.14509 -0.848788
2956 -1.38912 -0.895503
2925 -1.29137 -0.933201
2770 -1.58453 -0.646046
871 -1.62599 -0.65373
1092 -2.172 -0.453097
1587 -1.96548 -0.520836
5013 -0.736926 -1.58404
525 -0.952459 -1.41489
6665 -0.547613 -2.18802
6759 -0.504289 -2.94849
8187 -0.443555 -2.43911
8036 -0.388756 -2.64692
6198 -0.771889 -1.24527
866 -1.92891 -0.479094
5592 -0.523081 -1.75388
4820 -1.08401 -1.06676
4424 -0.916546 -1.18524
6141 -0.912561 -1.65954
2156 -1.65542 -0.670755
6407 -0.574733 -1.89723
2364 -0.741689 -1.48843
6486 -0.458141 -2.53858
7205 -0.482962 -2.45177
4026 -1.23628 -1.20792
7810 -0.494978 -2.5269
700 -2.41972 -0.427583
2694 -0.908507 -1.22268
7019 -0.629689 -1.98573
1729 -1.25491 -0.922718
6829 -0.647426 -1.78335
986 -1.70106 -0.617569
1246 -1.75495 -0.589796
3812 -0.917541 -1.23082
4134 -0.530529 -2.03775
275 -1.51845 -0.62181
6328 -0.636091 -1.70216
3763 -0.660652 -1.27793
1891 -0.569948 -2.12796
1064 -1.69763 -0.589167
5934 -0.517873 -2.13671
7243 -0.587774 -2.7124
6505 -0.544497 -2.40935
6504 -0.640929 -1.93215
7879 -0.478149 -2.186
7108 -0.549724 -2.05018
228 -2.1182 -0.488211
5950 -0.465379 -2.22365
4448 -0.711383 -1.61951
41 -3.03237 -0.314079
943 -1.81538 -0.561042
791 -2.0808 -0.481229
800 -2.48905 -0.340536
6325 -0.653293 -1.79425
7447 -0.471199 -2.20692
7755 -0.455934 -2.85585
2314 -0.897778 -1.48995
6582 -1.00101 -1.39373
2309 -0.933267 -1.24929
3469 -0.873694 -1.26777
2202 -1.74636 -0.705062
981 -2.08049 -0.460718
649 -2.27017 -0.43091
4702 -0.875856 -1.35681
1184 -1.40189 -0.801291
1746 -1.6103 -0.8163
1745 -1.77669 -0.864074
985 -2.48416 -0.408082
6632 -0.607185 -2.19373
6661 -0.633063 -2.04692
5933 -0.48939 -2.47674
2950 -1.24538 -0.926529
2998 -1.27728 -0.917453
3047 -1.34531 -0.853728
1781 -1.49312 -0.788482
6897 -0.869829 -1.60228
3872 -0.738556 -1.41653
4136 -0.930973 -1.14086
122 -0.959064 -1.19577
2443 -1.68512 -0.669027
1074 -0.757805 -1.49222
2117 -1.41869 -0.799445
1538 -1.87997 -0.541445
2643 -2.0059 -0.619006
2618 -1.24685 -0.849776
2589 -1.55413 -0.888499
974 -1.16403 -1.01453
3147 -1.22534 -0.861853
4055 -1.24961 -0.957456
1315 -1.25285 -0.951409
188 -2.17717 -0.46932
205 -2.22754 -0.421237
1200 -1.37917 -0.86202
928 -1.71092 -0.658373
1377 -1.96725 -0.521068
1403 -0.507532 -2.02893
7289 -0.424143 -2.4644
6736 -0.503328 -2.36278
5289 -0.485769 -2.49853
6561 -0.422456 -1.97408
4453 -1.08728 -1.06322
3472 -0.831545 -1.43332
6053 -0.542479 -1.79248
7283 -0.802604 -2.20055
7285 -0.903504 -2.06879
2171 -1.33451 -0.86292
2721 -1.23254 -0.973724
2883 -1.41546 -0.799672
7683 -0.469818 -2.49024
1621 -1.20389 -0.989682
506 -1.84299 -0.593063
2955 -1.39109 -0.886553
929 -2.33744 -0.487415
2400 -1.46104 -0.889719
643 -2.27327 -0.411932
1610 -1.96687 -0.600044
1861 -1.67762 -0.645594
1250 -1.5911 -0.879705
2178 -1.34208 -0.869002
5584 -0.771928 -2.00409
2720 -1.31365 -0.842173
3426 -1.10571 -0.9885
1564 -1.58041 -0.680172
6933 -0.641943 -1.90322
7903 -0.646304 -1.95071
5306 -0.586308 -1.84449
6094 -0.590669 -2.01267
7598 -0.558473 -2.08268
3314 -0.945147 -1.13148
1835 -1.51825 -0.781528
2935 -0.762628 -1.3779
2797 -1.53385 -0.794362
2918 -1.06122 -1.05604
5427 -0.615799 -1.50888
3670 -1.08894 -1.05676
2244 -1.55639 -0.672294
2247 -1.64329 -0.668317
4560 -1.77256 -1.44391
4561 -1.51342 -1.30567
4232 -1.69628 -1.52102
2917 -0.662785 -1.55476
1326 -2.12089 -0.541849
307 -2.88134 -0.303248
799 -2.66803 -0.313225
62 -2.81444 -0.3578
1838 -1.55442 -0.6615
265 -1.85205 -0.582548
932 -1.95441 -0.641076
2479 -1.58019 -0.77993
5175 -0.665416 -1.6815
3348 -0.857122 -1.43715
2294 -1.27787 -1.05763
7104 -0.834572 -1.62275
4604 -0.593726 -2.07014
1316 -1.17207 -1.05649
5599 -0.705028 -1.42027
4977 -0.998142 -1.14951
2407 -1.58135 -0.554067
5707 -0.611517 -1.6087
1692 -1.5494 -0.711001
1038 -2.23876 -0.438808
1061 -1.97456 -0.538516
5465 -0.52913 -2.15235
4829 -0.625245 -1.80958
1789 -0.759811 -1.47523
4295 -0.655067 -1.67549
2635 -2.23407 -0.511522
2343 -1.64722 -1.00161
5255 -0.636471 -1.78811
3473 -1.22383 -0.952309
4329 -0.681549 -1.77291
1993 -1.3771 -0.8019
7698 -0.474625 -2.05984
7054 -0.505453 -2.22896
6655 -0.527888 -2.21901
1991 -1.24805 -0.815509
1684 -1.41051 -0.799071
2427 -1.34227 -0.839678
7937 -0.706866 -2.59651
1367 -1.16847 -1.00501
961 -1.49138 -0.678303
2548 -1.13239 -0.919009
4788 -0.471367 -2.34089
7233 -0.512147 -3.05171
8206 -0.609974 -2.99294
3320 -0.998924 -1.07603
4894 -0.520988 -1.86741
4607 -0.708538 -1.47655
1748 -0.942682 -1.16682
5463 -0.749187 -1.45517
207 -2.15462 -0.497957
3127 -1.09379 -1.02527
3106 -0.799433 -1.61614
2312 -0.940632 -1.40641
5887 -0.422636 -2.9094
5273 -0.51951 -2.26885
4818 -0.624223 -1.69958
5177 -0.631026 -1.70953
3594 -0.943439 -1.35385
586 -2.59852 -0.363385
6462 -0.414566 -2.60485
7534 -0.436944 -2.52477
733 -2.29874 -0.407147
293 -2.42473 -0.317523
176 -2.16685 -0.524078
405 -1.21261 -0.899208
4757 -0.770998 -1.35187
2904 -1.21591 -0.943456
1609 -2.10681 -0.522387
5969 -0.48797 -2.08731
4111 -0.731044 -1.30109
3006 -1.34273 -0.828031
5130 -0.892938 -1.24002
7442 -0.547107 -2.58176
6840 -1.05311 -1.01278
7362 -0.482896 -2.55324
6924 -0.367477 -3.02636
260 -0.747736 -1.58976
4639 -0.974165 -0.990643
4638 -0.992013 -1.25098
3077 -1.29043 -0.817778
7744 -0.474381 -2.67385
8249 -0.471588 -2.76964
3455 -0.731268 -1.49278
1086 -2.01398 -0.506964
395 -0.972317 -0.991928
1595 -2.03042 -0.517697
567 -2.92141 -0.351546
8037 -0.534654 -2.27188
7505 -0.375403 -2.67213
7452 -0.630661 -1.90727
6663 -0.500139 -2.25664
4109 -1.01051 -1.21899
4105 -1.22648 -1.07209
975 -1.71114 -0.850255
285 -1.48331 -0.735062
515 -2.72642 -0.355888
561 -2.82572 -0.292258
620 -2.74517 -0.454436
673 -2.52312 -0.468098
811 -2.27708 -0.52949
1531 -2.08054 -0.601381
5797 -0.549619 -2.00102
7434 -0.384451 -2.2478
4544 -0.418965 -2.17548
2053 -1.51638 -0.804276
5174 -0.582309 -1.73231
2596 -0.698967 -1.59611
1483 -1.54016 -0.708615
1962 -1.76084 -0.654189
1034 -1.74397 -0.662727
6649 -0.515112 -2.22115
5048 -0.521527 -1.89967
705 -2.33041 -0.39275
3731 -1.08311 -1.069
5045 -0.619779 -1.82581
7904 -0.6207 -2.18155
4981 -0.641072 -1.83304
5804 -0.627626 -1.85124
5243 -0.733087 -1.47397
2922 -1.51481 -0.767713
4436 -0.637216 -1.56414
1749 -1.30155 -0.866888
7279 -0.455346 -2.61616
3297 -0.456863 -2.80759
5487 -0.652314 -1.58095
2933 -1.67577 -0.617709
1499 -1.97417 -0.426227
1578 -1.83516 -0.540936
2110 -1.25287 -0.82674
3873 -0.714927 -1.56131
125 -2.47551 -0.424922
1520 -2.26439 -0.554685
1579 -2.08263 -0.486677
4451 -0.857463 -1.58551
5764 -1.09845 -1.12045
6732 -0.484009 -2.32296
8093 -0.59418 -2.06259
6164 -0.52702 -2.19281
1155 -2.17778 -0.475243
1358 -1.47932 -0.729175
788 -1.3439 -0.671531
5346 -0.85938 -1.39746
7478 -0.592408 -2.09744
3764 -1.11708 -1.08177
3688 -1.03537 -1.1605
389 -2.80077 -0.415585
5989 -0.590959 -1.57199
4533 -0.857845 -1.37849
394 -2.63851 -0.380456
5842 -0.884425 -1.74486
4234 -1.25694 -0.96029
920 -1.71299 -0.656753
2139 -1.8191 -0.542119
3890 -1.13864 -1.05004
1142 -1.46647 -0.723853
6044 -0.676178 -1.6327
935 -1.40422 -0.857955
2092 -2.21383 -0.598484
861 -1.74594 -0.718996
1537 -1.46406 -0.744082
878 -2.30303 -0.461006
1652 -2.27988 -0.410859
4013 -0.883938 -1.29103
6594 -0.600499 -2.11385
3830 -0.718791 -1.73266
5353 -0.713931 -1.73895
410 -2.4107 -0.395284
6320 -0.445033 -2.4944
7961 -0.843797 -1.22737
1084 -2.28101 -0.452994
4223 -1.02937 -1.09759
3200 -1.17743 -1.07827
3601 -0.67144 -1.63665
3682 -0.890592 -1.22916
2409 -1.86437 -0.583052
7422 -0.497219 -2.63652
5947 -0.677064 -1.54018
7750 -0.626811 -2.17537
7294 -0.419134 -2.54262
4652 -0.720967 -1.6852
4077 -0.776459 -1.51605
1628 -1.74399 -0.667502
230 -2.02771 -0.500241
2128 -1.4879 -0.902278
921 -1.99199 -0.473215
2164 -1.92696 -0.567733
4020 -1.02208 -1.12588
5491 -0.85675 -1.34725
3461 -0.754929 -1.45176
198 -2.10895 -0.513368
5323 -0.716589 -1.60746
5009 -0.614533 -1.85942
399 -1.81963 -0.548985
754 -2.51404 -0.339333
493 -2.43139 -0.393177
581 -3.0254 -0.364816
1672 -1.67596 -0.663125
4584 -0.850643 -1.39037
4460 -0.874161 -1.3119
3114 -0.935741 -1.2635
155 -0.84412 -1.1996
7119 -1.27352 -0.860677
2528 -2.07354 -0.482602
2949 -1.05596 -1.08605
5873 -0.517518 -1.91804
3512 -0.938186 -1.1527
3571 -0.720952 -1.57765
213 -1.15 -1.03768
1032 -1.86352 -0.527678
2149 -1.917 -0.713194
2168 -1.70623 -0.682229
348 -2.61589 -0.395217
5111 -0.618098 -1.78294
5181 -0.618398 -1.75366
5534 -0.628538 -1.52406
2313 -0.984855 -1.42242
4487 -0.627578 -2.00675
6571 -0.607957 -1.94329
1688 -0.927417 -1.23221
3462 -0.889927 -1.32123
644 -1.72318 -0.685948
1368 -1.24065 -0.892601
4341 -0.521555 -2.33954
5553 -0.589832 -2.04876
6607 -0.948001 -1.30776
3600 -1.12299 -0.968106
8284 -2.79687 -0.322681
3104 -1.39043 -0.801889
6192 -0.679441 -1.71031
3098 -1.15329 -0.864774
504 -2.50972 -0.4028
4613 -0.567614 -1.85676
5445 -0.580911 -1.95089
4777 -0.74174 -1.53551
7778 -0.933748 -1.66126
7773 -1.10229 -1.82165
6865 -0.576277 -1.96216
1126 -2.10412 -0.584795
7327 -0.387071 -2.14982
2994 -1.25372 -0.960417
3880 -1.12503 -1.05251
1486 -2.11775 -0.512365
895 -2.26378 -0.454898
885 -2.19613 -0.432014
562 -2.45629 -0.292414
1366 -1.67908 -0.510172
4774 -0.90403 -1.21715
2445 -1.7162 -0.774803
7026 -0.427626 -1.97036
7685 -0.432112 -2.83747
2253 -1.16758 -1.03466
6286 -0.769347 -1.48745
4586 -0.866028 -1.32302
4779 -0.778231 -1.4903
6024 -0.481521 -2.17066
6398 -0.405785 -2.89747
3819 -0.974625 -1.10096
7590 -0.480207 -2.39917
7512 -0.501553 -2.52885
6579 -1.06619 -1.32969
6585 -0.917351 -1.45918
6611 -0.746624 -1.72176
3916 -0.659249 -1.66506
3080 -1.50598 -0.818973
1619 -1.59887 -0.700531
21 -2.4292 -0.373125
53 -1.69168 -0.638508
4815 -0.64055 -1.42928
6772 -0.494641 -2.24465
8168 -0.507434 -2.45104
4189 -1.03422 -1.11905
3323 -1.03421 -1.21013
2481 -0.665725 -1.83106
916 -2.08539 -0.547795
2708 -1.30096 -0.851896
8096 -0.622417 -2.10834
2143 -1.99766 -0.52613
3450 -0.7794 -1.396
6288 -0.792019 -1.42598
3785 -0.86444 -1.27821
5472 -0.823686 -1.45806
3014 -1.00206 -1.10526
4619 -0.789421 -2.43398
6483 -0.583704 -2.12491
3227 -0.700894 -1.71725
5479 -0.546612 -2.09374
7682 -0.426109 -2.44659
7497 -0.464689 -2.90931
7980 -0.60391 -2.09278
3137 -1.09191 -1.06509
3735 -1.12973 -1.07666
613 -2.67019 -0.348952
1495 -2.04236 -0.542389
7747 -0.375397 -2.02173
6518 -0.505355 -2.29624
2429 -1.24214 -0.841915
5713 -0.576917 -1.78521
1434 -1.97345 -0.540068
163 -3.58773 -0.329571
6691 -5.15916 -0.483918
6688 -3.81789 -0.355428
390 -3.0352 -0.369577
640 -2.43809 -0.38827
3023 -1.24023 -0.870537
1980 -1.11709 -0.945251
4655 -0.627542 -1.55904
5470 -0.6849 -1.46962
5805 -0.510999 -2.19724
2476 -1.2363 -0.91794
4051 -1.03803 -1.05754
2475 -1.39944 -0.852168
5884 -0.600091 -1.85657
4377 -0.734888 -1.48154
4430 -0.660139 -1.59649
5246 -0.616916 -1.70938
2701 -1.26965 -0.904534
2182 -1.6781 -0.747404
3004 -1.07209 -0.975082
3516 -1.1477 -0.953934
1212 -1.19504 -0.897767
5053 -0.486191 -2.35373
8124 -0.543033 -2.14236
5366 -0.573393 -1.61052
4179 -1.09569 -1.05518
2828 -1.36666 -0.888422
5171 -0.604964 -1.70332
2769 -1.75327 -0.78721
4511 -0.94187 -1.1667
6955 -0.691836 -1.6747
1222 -2.1158 -0.460308
5496 -1.09904 -1.34934
67 -2.63218 -0.406192
4488 -0.539125 -2.0678
1485 -1.92491 -0.557902
3655 -1.09377 -1.06686
1798 -1.90633 -0.650508
6606 -0.509258 -2.3181
6859 -0.526925 -2.19107
886 -0.522677 -2.01257
6608 -0.564195 -2.12918
6534 -0.428496 -2.48959
3942 -1.25016 -0.92726
8024 -0.664009 -1.76333
5821 -0.603564 -1.92368
2376 -0.742134 -1.4578
4025 -1.14247 -1.02231
686 -1.97988 -0.527344
4813 -0.638852 -2.19144
8276 -0.359954 -2.35372
5446 -0.48615 -2.14689
5141 -0.710727 -1.78257
3946 -1.11411 -0.950016
3441 -0.9683 -1.1782
6430 -0.763546 -1.90333
4007 -0.977481 -1.1159
3707 -1.13563 -0.88891
7246 -0.420682 -2.78344
3475 -1.02602 -1.15072
6360 -0.466065 -2.2166
2947 -1.08098 -1.10304
1443 -1.99871 -0.596028
1446 -2.14332 -0.580347
1165 -1.70417 -0.633689
7647 -0.458387 -2.77554
177 -2.54424 -0.344757
4433 -0.740688 -1.4362
3753 -0.828055 -1.15796
1391 -1.8587 -0.482717
5332 -0.666264 -1.39715
6356 -0.81577 -1.37836
6715 -0.639627 -1.64245
1889 -1.56673 -0.588258
58 -2.91065 -0.29759
181 -2.5727 -0.339782
196 -2.1789 -0.544531
5722 -0.672294 -1.77027
1402 -1.72689 -0.639148
1527 -1.62151 -0.334067
5647 -0.784031 -1.59249
4510 -1.39937 -0.80992
5337 -0.742784 -1.45484
4601 -0.675345 -1.4369
7359 -0.435563 -2.54634
2150 -1.83442 -0.535566
5138 -0.682412 -1.85614
6881 -0.411253 -2.49639
4471 -0.595348 -1.56135
258 -2.21902 -0.434242
3539 -1.23772 -0.839765
5417 -0.791113 -1.3921
6916 -0.455023 -2.98518
1435 -1.87198 -0.682017
1321 -1.98995 -0.499937
4953 -0.827478 -1.31232
5824 -0.624477 -1.76318
7968 -0.488521 -2.29244
4551 -0.884689 -1.24666
6417 -0.735158 -1.63102
3547 -1.10378 -0.681667
5671 -0.464884 -2.84456
1678 -1.27307 -0.956417
13 -2.29554 -0.420568
627 -2.12047 -0.477726
2101 -1.67372 -0.689382
5478 -0.587469 -1.77189
261 -2.32762 -0.388316
2227 -1.38262 -0.983311
4677 -0.83132 -1.39885
1582 -1.82384 -0.678427
7323 -0.439037 -2.14745
3175 -0.956759 -1.24921
3864 -1.18855 -1.00116
2940 -0.580877 -1.76193
609 -2.73413 -0.334308
5249 -0.866964 -1.86489
2329 -1.43354 -0.786873
269 -2.59028 -0.37489
2966 -1.25249 -0.949336
1198 -1.35398 -0.868253
4716 -0.6773 -1.6178
2982 -1.22733 -0.59516
6720 -0.641483 -1.9679
5196 -0.586459 -1.33176
4776 -0.966716 -1.23801
7510 -0.553685 -2.21277
7662 -0.647611 -2.50803
3977 -0.971629 -1.11438
667 -2.03932 -0.488075
2307 -1.28606 -1.06954
8085 -0.444332 -2.39681
7030 -0.533331 -2.02116
4654 -0.437437 -2.87664
7900 -0.400916 -2.67205
374 -2.72468 -0.317106
5152 -0.682608 -2.01587
1290 -2.10523 -0.533636
447 -1.6072 -0.569663
4181 -0.924345 -1.22398
4647 -0.946533 -1.13339
713 -1.86746 -0.537418
2163 -1.91845 -0.575573
4058 -1.16403 -0.976588
7832 -0.559394 -1.95432
2137 -1.81115 -0.690913
5382 -0.60541 -1.66369
1803 -1.02206 -1.11644
2719 -0.960926 -1.14708
5336 -0.824562 -1.36096
6223 -0.644423 -1.77133
4567 -1.0357 -1.13001
5514 -0.694609 -1.70969
6707 -0.664398 -1.62752
5509 -0.920648 -1.25797
5051 -0.544768 -1.98262
5644 -0.732865 -1.57904
6464 -0.444003 -2.57022
7123 -0.501029 -1.92384
340 -2.31842 -0.381074
5311 -1.28366 -0.913888
6248 -0.581958 -1.88725
1589 -2.02166 -0.602506
1160 -1.98056 -0.501913
1573 -2.10474 -0.484421
870 -2.07624 -0.535728
161 -1.96453 -0.546018
1664 -1.8834 -0.562586
3315 -0.503763 -2.00621
7690 -0.596069 -1.79385
3919 -0.545507 -2.17018
6864 -0.578832 -1.82056
1653 -1.34992 -0.850998
2226 -0.921792 -1.26439
6232 -0.557036 -1.95512
8141 -0.820985 -1.45522
963 -2.45045 -0.394797
1820 -1.53333 -0.753108
4235 -1.18577 -1.21219
4093 -1.29922 -1.35545
1530 -1.20244 -0.966781
534 -2.57012 -0.320964
3948 -0.945524 -1.21389
4107 -1.08803 -1.03437
4713 -0.560988 -1.95723
4500 -0.769069 -1.58172
5317 -0.600121 -1.67924
1719 -1.43159 -0.673234
3284 -0.76233 -1.54025
4562 -0.629163 -1.64591
7992 -0.480379 -2.58875
5834 -0.687999 -1.60338
1203 -1.55065 -0.726606
1807 -0.929937 -1.28948
4625 -0.695335 -1.52877
1161 -2.11909 -0.300474
4103 -1.29737 -0.867682
1939 -1.96099 -0.579521
1933 -1.74316 -0.592787
1930 -1.81472 -0.582702
5281 -0.659708 -1.57687
5364 -0.642447 -1.62055
3610 -1.05466 -0.989369
2591 -1.52328 -1.00675
2833 -1.28192 -0.939979
2884 -1.44879 -0.754191
3332 -1.44322 -1.10107
7648 -0.433096 -2.8205
6491 -0.430435 -2.7297
6105 -0.372298 -2.67761
7036 -0.626704 -1.94717
7074 -0.445267 -2.45323
945 -2.1407 -0.453151
91 -2.5579 -0.318566
141 -3.03181 -0.273253
6503 -0.778186 -1.18413
538 -2.21644 -0.481195
3630 -0.902972 -1.23064
7853 -0.646241 -2.61047
1373 -1.73965 -0.667512
563 -2.615 -0.301826
970 -2.16787 -0.482985
5589 -0.593376 -1.70514
7254 -0.442709 -2.50733
5139 -0.600862 -1.86758
3062 -1.22627 -0.891447
3495 -0.967316 -1.42231
6471 -0.435456 -2.44658
2106 -1.81425 -0.63965
1726 -1.97923 -0.578232
5972 -0.485343 -2.10066
3797 -0.697859 -1.54608
4385 -1.17872 -0.933283
7143 -0.920846 -1.10518
6097 -0.850117 -1.34113
2853 -1.57407 -0.689854
3722 -0.867947 -1.15726
4275 -1.17505 -1.00091
6508 -0.648598 -2.17962
5837 -0.582388 -1.92052
7221 -0.529432 -1.80373
6437 -1.05096 -1.12109
6424 -0.45328 -2.57758
4588 -0.784317 -1.48516
4889 -0.505826 -1.85999
3567 -0.947538 -1.23696
6409 -0.570682 -2.0586
900 -1.85298 -0.509819
5776 -0.709467 -1.59626
6020 -0.467749 -2.37379
7304 -0.41981 -2.68314
6699 -0.61374 -1.77095
675 -2.35367 -0.380409
250 -2.70675 -0.347502
2042 -1.80767 -0.591945
4898 -0.973152 -1.10619
3719 -1.24037 -0.972582
7673 -0.48583 -2.44097
5078 -0.715145 -1.55037
2791 -1.07391 -1.09065
1918 -1.23722 -0.971787
2157 -1.49543 -0.772923
6846 -0.551218 -2.05169
6307 -0.532506 -2.55544
435 -2.78605 -0.346953
3345 -0.595691 -1.77591
1687 -2.07612 -0.861868
2141 -1.87361 -0.543525
6813 -0.544363 -2.07877
6712 -0.49404 -2.16517
7206 -0.440005 -2.39617
5296 -0.637466 -1.6212
5706 -1.01345 -1.04769
1216 -2.25298 -0.408729
2860 -2.26593 -0.504623
6243 -0.555181 -2.38352
3914 -1.05811 -1.08876
3285 -1.0556 -0.985826
3961 -1.12356 -1.06511
6083 -0.530833 -1.84318
4759 -0.737522 -1.57793
3767 -1.08374 -1.07775
3373 -0.940224 -1.13996
4205 -0.749574 -1.45432
1730 -1.45505 -0.817938
3138 -1.097 -1.15956
1951 -1.53102 -0.68858
1134 -1.60966 -0.647961
350 -1.58502 -0.81867
4633 -0.771556 -1.48947
4150 -0.725116 -1.59408
3576 -1.00081 -1.10158
2108 -1.0617 -1.05339
5820 -0.473535 -2.86599
3607 -0.928866 -1.1757
1127 -1.45271 -0.8068
142 -2.01357 -0.529629
701 -1.65481 -0.745575
347 -2.33669 -0.641123
3982 -0.582831 -2.0273
4053 -0.924208 -1.33894
2815 -1.47767 -0.78348
7043 -0.459712 -3.14232
8045 -0.444933 -3.22801
6854 -1.05793 -1.34245
3598 -1.09798 -1.00926
2142 -1.74651 -0.569926
5752 -0.764522 -1.64065
7741 -0.472076 -2.27363
2434 -1.41336 -0.784379
4803 -0.820229 -1.29755
1504 -1.98506 -0.414133
1239 -1.07828 -1.05281
1405 -2.0297 -1.05863
1410 -1.91543 -1.02453
3980 -0.919359 -1.20627
3544 -1.13436 -1.07924
2249 -0.933589 -1.16053
4 -2.7079 -0.324455
3556 -1.15041 -0.964547
2698 -1.14066 -1.09277
335 -0.64904 -2.00225
5883 -0.640582 -1.82645
3152 -1.27149 -1.15183
5090 -0.582023 -1.53451
1169 -1.36147 -0.754731
2673 -1.29609 -1.26523
6909 -0.731095 -1.29771
5222 -1.00603 -1.14314
998 -2.08628 -0.489472
6673 -0.539209 -1.60383
1731 -1.73173 -0.658231
2753 -1.42362 -0.760759
3827 -1.09459 -1.08004
4694 -0.838171 -1.39571
3636 -1.08853 -1.18137
1680 -1.03055 -1.14817
7012 -0.529338 -2.05463
2847 -1.43993 -0.706894
8282 -2.93835 -0.383973
481 -2.75063 -0.318977
642 -2.5305 -0.240487
2183 -2.61281 -0.511758
2084 -2.4955 -0.547941
1766 -1.49452 -0.646913
1293 -1.82459 -0.578607
4476 -0.426705 -2.38171
3519 -0.817019 -1.4168
771 -2.0922 -0.561421
1490 -2.00037 -0.520434
1689 -2.06307 -0.561414
3190 -1.12852 -0.982901
5616 -1.05089 -1.16029
5765 -1.2194 -1.0295
5630 -0.562167 -1.97527
7164 -0.364694 -2.30681
210 -2.22847 -0.458524
646 -1.2955 -0.736393
5208 -0.888022 -1.18141
4927 -0.688335 -1.45958
3090 -0.536926 -1.80908
8121 -0.489772 -2.09611
1197 -2.02398 -0.54637
4760 -0.956022 -1.20979
3094 -0.973678 -1.12609
4095 -1.07191 -1.1309
4893 -0.901056 -1.22341
6890 -0.624592 -2.0386
6876 -0.600511 -2.02311
256 -2.49682 -0.281606
7774 -0.445409 -2.39834
3233 -0.966146 -1.43298
3856 -1.01092 -1.09819
785 -2.09419 -0.468625
7707 -0.562034 -2.73076
3992 -1.09212 -1.08518
3620 -1.42543 -0.548792
687 -2.78231 -0.342695
2977 -1.06164 -1.13105
751 -2.54988 -0.336383
116 -2.57441 -0.29209
5309 -0.732869 -1.5278
2334 -1.67236 -0.988292
3974 -1.03947 -1.18303
6860 -0.522627 -2.27542
8285 -1.71736 -0.754681
3095 -1.15246 -1.03836
1070 -1.95562 -0.608872
6227 -0.998017 -1.15292
7705 -0.699998 -2.54805
2552 -0.682159 -1.89448
2659 -1.01276 -1.10714
1447 -2.00372 -0.572521
6993 -0.451475 -2.55702
1192 -2.67638 -0.39176
7809 -0.525093 -2.12559
8262 -0.402911 -2.75571
4963 -0.707441 -1.73202
4278 -1.07057 -1.04279
794 -2.34185 -0.425091
1312 -1.87501 -0.532904
7087 -0.490114 -2.14276
591 -2.7766 -0.452886
5558 -0.918509 -1.86479
3482 -0.876585 -1.19033
5126 -0.677313 -1.80924
4014 -0.962935 -1.06586
6235 -0.668796 -1.74923
6021 -0.452609 -1.99263
2865 -2.25451 -0.446156
3243 -1.37379 -0.874327
2811 -0.739313 -1.40954
2394 -1.58192 -0.865043
977 -2.46157 -1.23539
973 -2.52326 -1.04447
2444 -0.749207 -1.7598
201 -2.70617 -0.362909
7740 -0.43554 -2.71275
7508 -0.443582 -2.75532
7730 -0.496635 -2.32039
3729 -0.959269 -1.12705
6440 -0.739171 -1.64067
8122 -0.450702 -2.60527
4915 -0.430979 -2.56407
7486 -0.625978 -2.60936
6261 -0.507672 -1.90439
4881 -0.653022 -1.71446
2064 -1.13489 -0.940946
1338 -1.81215 -0.603276
22 -1.61737 -0.622687
7201 -0.457813 -2.18285
4743 -0.746531 -1.3359
7965 -0.512326 -2.873
5816 -0.704981 -1.76586
2282 -0.897215 -1.36676
2991 -1.36975 -0.784496
6700 -0.64007 -1.89922
873 -1.87952 -0.59935
931 -1.90182 -0.609778
8288 -2.68201 -0.319193
6923 -0.45169 -2.65638
1649 -1.83177 -0.631496
7128 -0.739338 -1.51688
4692 -0.8596 -1.28708
8204 -0.412327 -2.41199
7237 -0.478148 -2.36209
7865 -0.576781 -2.07065
1722 -0.588026 -2.01519
7188 -0.418713 -2.25447
4332 -0.966014 -1.23683
6975 -0.401483 -2.28788
1643 -1.79982 -0.477059
2975 -0.983823 -1.10508
2699 -0.938875 -1.27144
3584 -0.776802 -1.28935
276 -2.33874 -0.375915
5044 -0.757027 -1.60927
7688 -0.469356 -2.83702
6297 -0.569324 -1.76547
3711 -0.72112 -7.02171
3713 -0.757013 -7.09134
6093 -0.694229 -1.71924
5264 -0.51307 -2.09725
727 -1.9299 -0.523746
1934 -1.84107 -0.614698
4723 -0.892478 -1.1826
7797 -0.511004 -2.64582
8130 -0.517964 -2.65321
7393 -0.479119 -2.91933
8106 -0.73392 -1.68835
4195 -1.29975 -0.757479
5194 -0.624149 -1.77365
5172 -0.632174 -1.59783
7419 -0.705201 -2.07172
3307 -1.24178 -0.950426
1207 -1.27599 -0.861389
8296 -0.686796 -1.57764
5932 -0.45299 -2.3869
1607 -1.41275 -0.864748
2330 -1.5829 -0.557295
4739 -1.09622 -1.16929
3887 -0.819064 -1.29912
3317 -0.914553 -1.1967
4609 -0.646512 -1.57512
8048 -0.435869 -3.14193
5835 -0.551466 -2.28079
1099 -1.99628 -0.550326
31 -2.5191 -0.367302
741 -1.98728 -0.546877
1340 -1.82566 -0.564938
1924 -0.780698 -1.53648
3486 -1.05357 -1.12928
839 -1.65338 -0.703976
7436 -1.49216 -0.795132
249 -0.98181 -1.10387
801 -2.47435 -0.419739
1372 -2.01896 -0.458704
5410 -0.480031 -2.37802
7376 -0.491544 -2.40385
7063 -0.486556 -2.48005
2629 -1.51447 -0.789269
2065 -1.06447 -1.07071
5155 -0.763941 -1.48486
4220 -0.724766 -1.38964
3842 -0.645891 -1.7573
5919 -0.789694 -1.69178
5202 -0.672567 -1.74791
7444 -0.457808 -2.3881
4337 -0.824724 -1.29716
8222 -0.49079 -2.72867
6001 -0.573058 -2.37359
6605 -0.514537 -2.30238
8243 -0.554268 -2.53335
7564 -0.513279 -2.254
3196 -1.18244 -1.03163
5516 -0.729922 -1.629
6149 -0.434312 -2.27022
7557 -0.476351 -2.70107
4558 -1.03666 -1.11176
550 -2.80305 -0.346749
6239 -0.442868 -2.21641
6080 -0.494805 -1.95369
7602 -0.449578 -2.19124
1466 -1.92355 -0.618477
3814 -0.837303 -1.34179
3555 -0.935565 -1.20322
7533 -0.567299 -2.48014
8297 -0.580015 -2.05966
199 -1.98979 -0.566395
7428 -0.512226 -1.93211
5361 -0.615917 -1.64292
7014 -0.639331 -2.15617
4699 -0.922232 -1.26134
679 -2.11692 -0.544228
3743 -0.751955 -1.44064
1008 -2.1192 -0.440658
6690 -4.02915 -0.39255
6689 -4.13769 -0.44213
6687 -4.04819 -0.409639
4078 -1.26238 -0.923052
1885 -1.19007 -1.02546
4598 -0.622823 -1.90627
1925 -1.79267 -0.651582
5398 -0.939009 -1.1289
4502 -0.689983 -1.47613
3597 -1.21997 -0.939124
6994 -0.44563 -2.67661
7440 -0.449762 -2.63576
767 -1.48417 -0.645806
6291 -0.546918 -1.85479
2296 -1.93802 -0.601897
3155 -1.38752 -0.830372
1645 -0.818134 -1.39437
1433 -1.97296 -0.688703
134 -2.76348 -0.400844
1418 -2.29351 -0.327956
1559 -1.80876 -0.699775
7316 -0.46976 -2.59858
324 -2.00527 -0.495898
7734 -0.441009 -2.75246
5830 -0.566042 -1.85227
8289 -2.7076 -0.406639
7037 -0.626927 -1.96396
499 -2.75482 -0.29326
1865 -0.460495 -1.94318
1502 -2.06564 -0.460857
4121 -1.53661 -0.61344
1940 -1.6623 -0.673864
4082 -0.512277 -2.03766
3978 -0.613434 -1.98657
4973 -0.672116 -1.35821
2711 -1.06202 -1.04216
5489 -0.793953 -1.39642
4373 -1.29456 -0.949605
7262 -0.400256 -2.60252
6488 -0.431767 -2.09812
7352 -0.455247 -2.21839
5278 -0.802179 -1.36191
6111 -0.712047 -1.75323
153 -2.83133 -0.350937
1365 -1.69254 -0.698059
721 -2.39304 -0.594967
1392 -2.02918 -0.447514
4974 -0.660891 -1.77385
4389 -1.74874 -0.711485
7185 -0.727592 -1.92694
7345 -0.422296 -2.05601
3776 -0.722579 -6.83031
3774 -0.723162 -6.8819
4351 -0.832979 -1.34889
5737 -0.726123 -1.61131
423 -2.24802 -0.500937
632 -2.33757 -0.314977
3311 -1.23488 -0.937609
3960 -0.938395 -1.37266
842 -1.07616 -1.12441
6586 -0.925486 -1.4377
4583 -0.879219 -1.33883
5708 -0.543541 -1.63661
3477 -1.00222 -1.11085
4946 -0.941166 -1.32801
3628 -1.24184 -1.21
836 -1.78622 -0.753912
2679 -1.90137 -0.673949
6526 -0.407699 -2.22977
914 -2.17869 -0.448931
1955 -2.00344 -0.637953
6968 -0.437439 -2.1553
5300 -0.719374 -1.43544
2029 -1.33466 -0.774271
1361 -1.84648 -0.496828
514 -3.02349 -0.376896
1782 -1.55191 -0.736355
2869 -2.23249 -0.464922
5362 -0.662128 -1.30513
1507 -2.28481 -0.481531
3380 -0.596618 -1.84869
2363 -1.06782 -0.915776
6241 -0.531273 -2.57533
4563 -0.665349 -1.6292
7377 -0.705571 -1.93322
547 -2.71063 -0.312683
7060 -0.37342 -2.41593
4468 -0.899585 -1.29115
624 -2.66925 -0.376793
6496 -1.12968 -1.16059
6481 -0.859119 -1.43066
6583 -0.883147 -1.57483
3124 -1.32768 -0.748714
479 -2.81711 -0.389717
5154 -0.573921 -1.56053
768 -1.61784 -0.656057
4074 -0.68594 -1.51432
1981 -1.24336 -0.953006
4368 -1.30288 -1.11929
2603 -1.56344 -0.60356
949 -1.90327 -0.601057
6474 -0.764581 -1.41382
1423 -1.07212 -0.987594
3815 -0.975776 -1.19658
1618 -1.7053 -0.636833
7222 -0.464808 -2.78731
1355 -1.67313 -0.514498
2115 -0.691241 -1.65968
5673 -0.639171 -1.77493
572 -1.09978 -1.05451
782 -2.47631 -0.40218
3659 -0.823202 -1.32318
7580 -0.569464 -2.27131
860 -2.33772 -0.450094
6812 -0.856731 -1.89766
2843 -1.59467 -0.685647
107 -2.76126 -0.333261
5267 -0.68077 -1.79324
2881 -1.48396 -0.822104
4900 -0.918839 -1.33549
3525 -1.12836 -1.03059
3862 -1.18847 -1.02518
964 -1.73735 -0.56273
606 -2.42529 -0.298957
752 -2.65772 -0.314182
2012 -0.986303 -1.16655
4254 -1.42033 -0.667798
6035 -0.545691 -1.64865
4726 -0.663315 -1.96747
2484 -1.31281 -0.932699
7184 -0.729057 -1.73741
1354 -1.7379 -0.506363
2823 -1.24771 -0.820378
1657 -2.08605 -0.498072
5836 -0.685673 -1.61755
7852 -0.446345 -2.32021
551 -2.62964 -0.341194
5339 -0.825549 -1.34904
781 -1.83241 -0.629611
5186 -0.647059 -1.62386
6412 -0.957567 -1.18059
5625 -0.450274 -1.9098
1389 -1.18074 -0.972322
5286 -0.639403 -1.7604
743 -1.84189 -0.538218
4188 -1.04553 -1.02491
342 -2.59751 -0.326797
7382 -0.403834 -2.03172
4552 -1.21091 -1.42053
2204 -1.76052 -0.923182
6161 -0.508467 -2.263
6747 -0.501304 -2.3253
3063 -0.602866 -2.95556
6059 -0.515194 -1.83975
6264 -0.62673 -1.78893
7171 -0.632501 -2.31662
1498 -0.756838 -2.46923
6072 -0.460427 -2.54381
7668 -0.479687 -2.48685
7219 -1.35199 -0.604813
4695 -0.911136 -1.41216
4703 -0.960965 -1.23332
4708 -0.9646 -1.25631
7950 -0.700079 -2.61695
3532 -0.927731 -1.25181
6892 -1.68842 -0.592572
4128 -1.0652 -1.05236
4267 -0.902745 -1.08844
440 -2.89122 -0.37268
3955 -1.17191 -1.03454
4645 -1.0083 -1.05697
3072 -1.1803 -0.868655
5467 -0.628757 -1.87147
5559 -0.816367 -1.89125
2704 -1.06003 -1.03578
4104 -1.12903 -1.10757
4108 -1.0312 -1.15629
3943 -0.839402 -1.16844
3569 -1.21823 -0.978972
1761 -2.18535 -0.46679
3193 -1.27199 -0.737532
804 -1.59418 -0.700209
3120 -1.32273 -0.866731
5567 -0.624385 -1.77946
2885 -1.27405 -0.853859
7907 -0.524305 -2.06088
1050 -1.65241 -0.765487
2242 -1.31417 -1.1129
338 -2.40578 -0.550534
480 -2.6799 -0.344203
628 -3.14599 -0.378585
614 -1.12826 -0.810787
3252 -1.05811 -1.05331
434 -0.436244 -2.06318
5260 -0.642299 -1.82519
3224 -0.868136 -1.36513
129 -2.81039 -0.311674
8283 -2.85701 -0.384734
899 -1.48477 -0.763912
936 -2.17177 -0.477983
3003 -1.21498 -0.949458
2875 -1.15355 -0.940967
5166 -0.619505 -1.75666
7170 -0.775738 -1.28947
6777 -0.472955 -2.1927
7341 -0.466289 -2.76847
2424 -1.81609 -0.496446
8148 -0.455698 -2.65699
7945 -0.628974 -2.01291
145 -2.27227 -0.415016
206 -2.23835 -0.528444
7405 -0.445655 -2.32651
4206 -0.884923 -1.27477
4316 -0.637744 -1.43066
4592 -0.896316 -1.55601
1961 -0.953848 -1.67222
2568 -0.784239 -1.44747
6047 -0.760766 -1.80698
575 -2.08169 -0.572662
2147 -2.03191 -0.505435
2788 -1.57662 -0.738625
5059 -0.76109 -2.43771
1825 -1.87095 -0.512954
2272 -0.798291 -1.69628
5692 -0.753074 -1.71095
4477 -0.815693 -1.42804
7011 -0.602387 -1.9138
2683 -1.21392 -0.840451
3558 -1.18116 -1.03032
4626 -0.682916 -1.70803
1943 -0.961945 -1.39
3388 -0.896087 -1.2945
4693 -0.848146 -1.39991
4701 -0.852029 -1.28904
8044 -0.5888 -2.10773
6292 -0.59988 -1.59924
6339 -0.493221 -2.14742
6371 -0.457571 -2.17454
6038 -0.716978 -1.53835
1195 -1.87483 -0.435014
669 -2.6127 -0.568168
3235 -1.27157 -1.41498
8090 -0.420483 -2.81341
7966 -0.582745 -2.5968
8107 -0.341341 -2.8224
6415 -0.550637 -2.1059
7799 -0.563484 -2.31921
84 -2.54789 -0.321208
965 -1.78595 -0.673493
105 -2.76896 -0.401702
2148 -1.87831 -0.503712
1656 -2.27147 -0.685366
2930 -1.46977 -0.71869
4125 -1.19192 -0.854176
7885 -0.470276 -2.60393
5250 -0.795834 -1.65045
7321 -0.416323 -3.01701
5376 -0.912085 -1.50626
5720 -0.49106 -2.06218
4311 -0.877396 -1.30714
4804 -0.807264 -1.27823
3679 -0.616558 -1.75324
6217 -0.477224 -2.11969
595 -2.87631 -0.415434
1292 -1.74784 -0.574143
979 -3.05044 -0.320071
2037 -0.695833 -2.04125
4988 -0.64188 -1.46537
2367 -1.48998 -0.663018
1324 -2.15021 -0.485131
783 -2.09735 -0.540475
779 -2.80749 -0.329598
6139 -0.431024 -2.27123
2652 -1.66632 -0.640183
3392 -1.2059 -0.966256
594 -2.84031 -0.38672
3705 -1.21706 -1.00207
1220 -2.17923 -0.441235
5104 -1.23623 -0.990928
2059 -0.50696 -2.17159
6852 -0.559702 -1.9838
847 -1.9232 -0.373753
3865 -1.18143 -0.896981
734 -2.39527 -0.381913
1022 -2.35045 -0.432698
6788 -0.592384 -2.09556
1795 -1.29394 -1.05594
7448 -0.481084 -2.24943
3917 -0.96288 -1.24076
3060 -1.10978 -1.04156
6461 -0.404814 -2.12878
7144 -0.932596 -1.23481
6951 -0.695892 -1.59407
951 -2.12034 -0.484867
848 -2.45987 -0.466409
536 -2.71837 -0.318442
2331 -1.66372 -0.533107
486 -6.53604 -0.442603
8286 -6.62032 -0.434209
3692 -1.10382 -1.19125
738 -2.35327 -0.364838
7701 -0.511226 -2.127
4016 -0.91715 -1.39532
3770 -1.13029 -1.03041
4067 -1.07296 -0.976711
4418 -1.04557 -2.21536
5745 -0.849843 -2.26708
8132 -0.679137 -1.4834
7350 -0.42983 -2.76989
7215 -0.423105 -2.43151
6619 -0.491074 -2.13538
6717 -0.5101 -2.1222
1376 -1.58113 -0.637441
6502 -0.597113 -2.00034
2607 -1.25539 -0.975344
2804 -1.10296 -1.0382
314 -2.18385 -0.45687
2426 -1.28736 -0.898514
7306 -0.402144 -2.60548
3991 -1.10971 -1.08537
1143 -2.02925 -0.50317
467 -2.01313 -0.456635
1109 -2.18117 -0.380287
5793 -1.36932 -0.781944
6472 -0.446578 -1.86747
4720 -0.983298 -1.08934
5853 -0.522586 -1.94685
983 -2.26119 -0.419422
5071 -0.694345 -1.57709
3875 -1.70174 -0.617437
329 -2.54863 -0.311093
2546 -1.24956 -0.904051
3255 -1.14046 -0.744878
4450 -1.26009 -1.06966
616 -2.77038 -0.329197
845 -2.05252 -0.401801
5662 -0.653034 -1.79698
4686 -0.584699 -1.86091
5324 -0.498324 -1.91783
7743 -0.534895 -2.20339
7946 -0.603691 -2.04913
2315 -0.82579 -1.48043
8186 -0.459129 -2.7179
3714 -0.96706 -1.2437
2870 -2.20797 -0.463605
2996 -1.09774 -1.03145
3008 -1.25172 -0.850553
3549 -0.924935 -1.11152
3208 -0.942757 -1.25738
3154 -1.6599 -0.859729
6935 -0.497959 -2.18557
4989 -0.67722 -1.75779
1432 -2.71428 -0.408189
3949 -0.869892 -1.3033
1696 -1.59499 -0.619436
7343 -0.464776 -2.19336
2777 -1.85607 -0.595011
753 -2.61251 -0.406291
6726 -0.610268 -1.96958
2311 -1.01153 -1.35913
8254 -0.431891 -2.067
3726 -0.823146 -1.36217
45 -2.80657 -0.27883
3939 -1.2005 -0.988141
6589 -0.634855 -2.01686
3036 -1.03752 -1.09617
4826 -0.872436 -1.34833
7344 -0.454688 -2.27377
7121 -0.494017 -2.07932
3244 -0.738271 -6.8069
3245 -0.744157 -6.80874
1770 -1.56625 -0.725693
4909 -0.964421 -1.08197
565 -2.34679 -0.36786
3326 -0.87092 -1.31647
933 -1.77066 -0.507304
657 -1.07264 -1.08878
2104 -1.88405 -0.588141
5915 -0.454841 -2.54222
7100 -0.566757 -1.76947
4683 -0.63349 -1.79148
5854 -0.628878 -1.77347
7099 -0.791287 -1.67931
404 -1.39696 -0.851548
1693 -1.64533 -0.632552
7392 -0.563752 -1.76599
1737 -1.2189 -1.01836
4312 -0.932288 -1.42836
189 -2.14565 -0.473377
7691 -0.644751 -1.82627
6078 -0.489246 -1.99173
5019 -0.600333 -2.08878
8076 -0.875615 -6.64314
8074 -0.847912 -6.59596
5354 -0.849525 -1.93079
5355 -0.921457 -2.04673
4279 -1.06114 -1.06553
4805 -0.784063 -1.44005
5878 -0.576751 -1.80508
2867 -1.16763 -0.897963
3609 -1.08173 -1.09162
5970 -0.683207 -6.96723
5971 -0.685075 -6.92378
4280 -1.10753 -1.00862
4566 -1.07114 -1.09622
421 -3.23047 -0.348797
6107 -0.654322 -1.97268
6878 -0.625989 -1.97118
5966 -0.422075 -2.77829
6609 -0.957417 -1.22325
4807 -0.700534 -1.46331
4674 -0.674498 -1.7617
1813 -1.01447 -1.19499
2452 -0.452436 -2.21684
4535 -0.868846 -1.40229
8199 -0.365803 -2.73469
3772 -1.04401 -0.741919
3356 -1.11161 -1.43225
1244 -0.705318 -1.58479
4218 -0.756171 -1.61641
7106 -0.785045 -1.72932
2864 -2.01106 -0.588411
3499 -0.962625 -1.46062
2316 -0.840733 -1.4578
4806 -0.817647 -1.30771
5330 -1.04508 -1.43252
1931 -1.39183 -0.775287
461 -2.73532 -0.384948
1194 -1.8075 -0.937835
5770 -0.50876 -1.9581
4008 -0.683106 -1.30576
3496 -0.902987 -1.29077
2308 -1.01361 -1.2893
2318 -0.966824 -1.45032
4440 -0.6918 -1.62499
4901 -1.05249 -1.07528
121 -2.61573 -0.437319
6930 -0.698389 -2.00468
6254 -0.678626 -1.54269
2965 -1.31259 -0.842477
934 -2.69046 -0.405166
7342 -0.445935 -1.98118
7059 -0.388187 -2.81203
2992 -1.3123 -0.862296
1150 -1.53154 -0.650154
3159 -1.01427 -1.20193
919 -1.98394 -0.448584
5876 -0.541268 -1.88659
1989 -1.60908 -0.624086
3400 -1.71163 -0.905307
7994 -0.423057 -2.53951
5294 -0.684188 -1.51746
4308 -0.638167 -2.12665
6506 -0.62396 -2.02357
6295 -0.591409 -1.81421
607 -2.34129 -0.290298
4697 -0.898597 -1.36345
4140 -0.419479 -2.98213
4274 -1.13585 -1.04508
2418 -1.45067 -0.620536
6509 -0.616319 -2.34337
4832 -0.473978 -2.1685
6467 -0.491677 -1.91723
218 -2.75048 -0.334112
6377 -0.480645 -2.09505
6366 -0.70104 -1.81003
2146 -1.92433 -0.544202
3907 -1.34403 -1.15473
4843 -1.22509 -1.01355
8091 -0.595253 -2.07989
3491 -0.931991 -1.47586
7650 -0.810722 -2.65813
6915 -0.545395 -1.66891
2083 -1.97584 -0.587576
553 -1.78348 -0.582561
2538 -2.01662 -0.469104
5334 -0.782856 -1.66925
7462 -0.57712 -1.82205
414 -2.74182 -0.403696
7742 -0.517788 -2.04222
7183 -0.501293 -2.17592
5608 -0.463036 -2.20407
3304 -1.1205 -1.08562
284 -2.54833 -0.338573
7122 -0.490496 -1.88169
1071 -2.02446 -0.561598
574 -2.53647 -0.346207
1601 -1.876 -0.675198
5333 -0.689226 -1.77592
7806 -0.464565 -2.73636
4199 -1.038 -1.02171
7790 -0.589651 -2.04253
6530 -0.412141 -2.66898
2254 -1.15914 -0.774827
156 -1.93327 -0.507124
3234 -1.59071 -1.69195
3231 -1.35851 -1.60905
912 -2.21316 -0.538545
6507 -0.611939 -2.16259
2496 -0.828933 -1.38158
3986 -0.916233 -1.17552
1952 -1.44537 -0.701194
6027 -1.34031 -0.910303
1946 -0.951654 -1.12942
375 -2.61127 -0.316069
2928 -1.19821 -0.881253
7738 -0.390977 -2.19775
7149 -0.86813 -1.2741
7273 -0.392494 -2.52931
4354 -0.68323 -1.41582
3762 -0.938672 -1.09744
6627 -0.529267 -2.03689
711 -2.30431 -0.298562
102 -2.10782 -0.829441
4721 -0.997453 -1.11195
6709 -0.424762 -2.96406
4411 -1.04358 -1.04952
444 -2.71407 -0.318394
4778 -0.747161 -1.3442
8066 -0.565635 -2.19069
7982 -6.50798 -0.590161
7981 -6.45913 -0.562917
6766 -0.425182 -2.55822
4698 -1.00986 -1.25188
6533 -0.407545 -2.27463
2578 -1.3884 -0.839325
8079 -0.732544 -1.49782
5688 -0.636541 -1.73335
3622 -1.14735 -1.03391
2019 -1.82221 -0.516278
6265 -0.736036 -1.6314
2752 -1.37214 -0.845759
6134 -0.638198 -1.80391
4540 -0.759284 -6.82373
4541 -0.735577 -6.86634
5578 -0.928076 -1.47482
5573 -0.576503 -1.47062
3412 -1.54352 -0.878457
5133 -0.960421 -1.72753
3690 -1.20556 -0.964653
5877 -0.602764 -1.70086
8237 -0.548453 -1.97458
544 -2.84216 -0.306875
400 -2.1688 -0.535814
1179 -2.0934 -0.526185
1379 -1.69377 -0.592436
1988 -1.60164 -0.600929
2879 -1.42262 -0.838633
3791 -0.873086 -1.21327
1460 -2.24524 -0.386972
6806 -0.448018 -2.34423
4705 -0.840542 -1.44427
6580 -1.07688 -1.27302
5303 -0.670483 -1.96757
2868 -1.93893 -0.459771
3488 -1.25559 -1.02686
57 -2.80846 -0.321591
5643 -0.385418 -2.79965
2692 -1.26301 -0.820587
5099 -0.737796 -1.71497
5033 -0.55678 -1.97584
1763 -2.28507 -1.04743
7697 -0.472036 -2.40447
2161 -1.87405 -0.50417
1141 -1.94276 -0.465989
5135 -0.72554 -1.57715
5733 -0.589113 -1.36372
3523 -1.22453 -0.946342
4987 -0.678263 -1.37683
6877 -0.574327 -2.12696
419 -3.01285 -0.290398
3035 -0.701565 -1.53771
2215 -0.555891 -1.83737
1351 -1.7461 -0.557301
8070 -0.383575 -2.41466
4183 -0.921489 -1.12324
3893 -0.990097 -1.18875
5787 -1.04051 -1.04878
3616 -0.98105 -1.09102
1078 -1.83048 -0.527912
1349 -1.65353 -0.54411
6954 -0.452359 -1.97049
1422 -2.16266 -0.711439
7446 -0.457902 -2.0789
880 -2.94665 -0.614336
2304 -6.44534 -0.694539
2305 -6.40092 -0.701572
3895 -1.31545 -1.22387
4431 -0.971943 -1.24893
4728 -0.996569 -1.52013
6822 -0.608487 -1.92347
5766 -6.35716 -0.424997
5767 -6.30658 -0.428339
251 -1.64536 -0.790667
4326 -0.519189 -2.04423
208 -2.13937 -0.474939
2598 -1.29778 -0.633945
3282 -0.958489 -1.19071
5043 -0.564892 -2.04611
3999 -0.883487 -1.41334
7996 -6.20277 -0.520242
7995 -6.22455 -0.520669
2784 -0.722526 -1.77544
5544 -0.494575 -2.41078
7326 -0.588853 -2.41529
2292 -1.45966 -0.705744
3808 -0.68602 -1.81711
1344 -1.89518 -0.351094
5352 -0.663252 -1.69435
6513 -0.432274 -1.88617
7190 -0.863889 -6.56421
7191 -0.852191 -6.53012
