3344 2
18882 0.166375 -2.57712
128 0.0130329 -2.36262
1202 -0.193348 -1.71124
18820 0.187073 -2.72144
18818 0.185642 -2.77667
18813 0.172382 -2.68356
18896 0.21376 -2.81636
194 -0.280092 -1.44618
339 -0.723502 -1.03881
816 -0.902447 -0.983944
675 -1.27348 -0.977847
416 -1.22134 -0.938728
572 -0.601462 -1.16103
652 -1.16599 -0.901638
4555 -1.00035 -0.877254
480 -1.4546 -0.93003
704 -2.1572 -0.989613
8354 -2.18042 -1.0088
24643 -2.09282 -0.947202
554 -2.83984 -1.1438
516 -1.39382 -0.896161
347 -1.02582 -0.966853
349 -0.971612 -0.933024
232 -1.03315 -0.964211
442 -0.706991 -1.23902
292 -1.56615 -0.886874
2091 -0.575897 -1.15781
184 -0.689535 -1.22476
2910 -0.641725 -1.275
8199 -0.584137 -1.33537
13616 -0.671957 -1.19386
1672 -1.04038 -1.00101
13014 -1.06882 -0.929371
478 -1.6366 -0.909679
8064 -1.22724 -0.923127
700 -0.975219 -0.964616
518 -1.25056 -0.928419
1367 -1.02135 -1.01073
455 -1.08925 -0.950878
155 -0.891818 -1.00957
95 -0.914746 -0.764085
1603 -0.553558 -1.16299
13905 -0.52669 -1.20483
499 -1.48557 -0.910971
896 -0.624265 -1.22682
613 -2.93548 -1.34909
22672 -2.60697 -1.24028
3108 -2.85712 -1.35893
22694 -2.75687 -1.31187
932 -2.73445 -1.33473
22343 -2.82021 -1.36394
15341 -2.8596 -1.32534
18318 -0.385324 -1.2913
18362 -0.475813 -1.25619
1028 -0.566034 -1.14939
18363 -0.386365 -1.25003
498 -0.431799 -1.20535
18010 -0.0572976 -1.59742
17969 0.0592689 -1.81912
823 0.183832 -2.08822
7553 0.0758977 -2.24316
1317 0.278532 -2.81133
17818 0.238753 -2.77025
13128 0.221833 -2.68172
18201 0.241478 -2.76628
18241 0.202389 -2.69699
17822 0.227484 -2.74448
29017 0.201636 -2.76129
18048 0.292294 -2.77254
7562 0.218094 -2.6129
17820 0.266074 -2.90925
7602 0.192728 -2.57024
1334 -0.26955 -1.40382
16616 -0.501051 -1.2384
4025 -0.377605 -1.31545
7123 -0.389104 -1.24073
2776 -0.387176 -1.25462
4161 -0.871826 -1.24261
525 -0.742813 -1.29561
25484 -0.739183 -1.23403
444 -1.9387 -1.02213
16195 -2.05231 -1.07919
1324 -2.14775 -1.20684
4241 -0.811126 -1.24005
4226 -0.0421085 -1.70052
1364 -0.612993 -1.15005
5696 -0.282773 -1.43234
1040 -0.39447 -1.31768
188 -1.32589 -0.928113
2645 -1.54959 -0.902148
2501 -1.07648 -0.940899
273 -0.564121 -1.14586
17633 -0.491723 -1.0672
17117 -0.806365 -1.01438
274 -0.55234 -1.12049
1233 -0.582658 -1.05283
4387 -0.594125 -1.16413
1061 -0.492294 -1.24394
12331 -0.428814 -1.43469
136 -0.927297 -0.983365
1093 -0.608411 -1.23224
8931 -0.639618 -1.06393
14322 -0.640505 -1.104
24467 -0.632464 -1.14213
353 -0.816502 -0.942621
9222 -1.33726 -0.810814
772 -0.923395 -0.95905
926 -0.99367 -0.960139
23009 -1.01086 -0.933301
15822 -0.972316 -0.810424
106 -0.264998 -1.51458
13552 0.169107 -2.65477
18883 0.203045 -2.82232
14709 0.17345 -2.66599
18871 0.217906 -2.88018
18797 0.215256 -2.90389
18782 0.112391 -2.58778
4184 0.174779 -2.6388
195 -1.27779 -0.928122
250 -0.796887 -1.00195
456 -0.516215 -1.22561
19575 0.802199 -5.1739
19573 0.570237 -4.09806
3325 0.595209 -4.26165
19574 0.551484 -4.30002
18260 0.577929 -4.18262
3117 0.607655 -4.24547
1696 0.60786 -4.35078
19576 0.618478 -4.2656
19577 0.5283 -4.0941
16692 0.564939 -4.31158
985 -0.911831 -0.882689
986 -1.12277 -0.860033
967 -0.905966 -0.854582
984 -1.33243 -0.85198
16747 -1.01375 -1.01757
16738 -0.449312 -1.41347
7058 -0.411988 -1.35741
16750 -0.339188 -1.68349
992 -0.455456 -1.35943
3965 -2.66226 -1.14932
140 -1.79218 -0.96313
3727 -2.62862 -1.20622
4601 -2.63361 -1.16886
3949 -2.8407 -1.23429
2574 -2.81424 -1.24435
2615 -2.69176 -1.13928
1161 -1.0501 -0.922948
5666 -2.79263 -1.21635
6084 -0.14179 -2.01966
29750 -0.00522463 -2.16713
29751 0.0761364 -2.39779
29749 0.00894634 -2.39839
29733 0.0213039 -2.342
6405 0.384995 -3.11714
13415 0.822347 -5.02443
24751 0.610431 -3.94603
17098 0.621474 -4.01835
6143 0.613857 -4.09012
24748 0.630232 -4.1186
24750 0.615872 -4.20192
13408 0.641731 -3.93447
6231 0.655397 -4.15895
24745 0.645527 -4.10255
24738 0.662246 -4.13746
24743 0.592426 -3.97107
13413 0.619744 -3.97367
21526 0.0378369 -2.40739
30473 -4.09851 -1.63719
16710 -3.57752 -1.41386
18605 -3.85978 -1.52851
1141 0.425973 -3.17133
2479 0.32479 -2.85962
2492 0.493367 -3.35752
172 -0.190952 -1.36529
1937 0.457673 -3.20488
19211 0.452244 -3.24282
286 0.240609 -2.16366
24252 0.429229 -2.81011
24253 0.548637 -3.26072
24287 0.55115 -3.34276
13979 0.674557 -4.0413
24288 0.67254 -3.80518
13973 0.627287 -3.75586
24338 0.650327 -3.75951
9967 0.674114 -3.95459
2477 0.373769 -2.92603
18764 0.522325 -3.30345
1951 0.409903 -2.95923
1180 0.446078 -3.10252
1168 0.466289 -3.19802
4726 0.403145 -2.91251
13972 0.461237 -3.12192
1946 0.312704 -2.6832
10210 0.471889 -3.17997
2478 0.440166 -3.18044
1821 0.0932069 -2.06835
2766 -0.00604824 -1.9008
1884 0.108527 -2.22612
1842 0.114834 -2.34186
17746 -0.770267 -1.11962
14029 -0.717227 -1.09444
4559 -0.808572 -1.14834
4524 -0.78315 -1.03409
10928 -0.792108 -1.08436
4568 -0.844166 -1.18273
716 -0.8658 -0.967429
7405 -0.798967 -1.08301
1213 -0.611487 -1.09161
1083 -0.825645 -1.11403
4515 -0.788493 -1.11651
3215 -0.795474 -0.93656
22682 -2.71278 -1.30311
314 -2.11876 -1.05569
12491 -2.89236 -1.34918
22735 -2.65595 -1.27189
22728 -2.8145 -1.3448
551 -1.27554 -0.87632
7340 -1.11874 -0.918882
851 -1.1382 -0.852262
2953 -1.09546 -0.879334
2947 -3.71936 -1.44007
21488 -3.26707 -1.35234
5231 -3.19638 -1.31082
5230 -3.34763 -1.36241
10585 -3.12804 -1.32885
21423 -3.1288 -1.26759
1430 -2.96576 -1.24319
22696 -2.76827 -1.3422
815 -2.01136 -1.00825
12951 -2.10008 -1.01845
484 -1.64963 -0.894372
368 -1.84328 -1.0465
22732 -2.75803 -1.33428
22745 -2.73457 -1.3399
15314 -2.83459 -1.34826
22727 -2.65787 -1.26767
705 -2.95985 -1.43189
18600 0.540559 -4.06869
29125 0.63595 -4.47919
4093 0.58382 -3.9844
18599 0.541612 -3.79859
13329 -0.56766 -1.33544
8166 -0.585279 -1.28778
1084 -0.627731 -1.14155
17289 -0.767505 -1.00068
1118 -0.980469 -0.911849
601 -0.781114 -1.11519
1472 -0.786719 -0.985178
1179 -0.882727 -0.937491
9276 -0.814781 -0.952253
17193 -0.549287 -1.07698
17372 -0.500441 -1.13206
13226 -0.387946 -1.37317
113 -0.268301 -1.53376
4248 -0.111962 -1.7484
2042 0.0580084 -2.19661
18807 0.128029 -2.66793
18908 0.220213 -2.91322
4395 0.163534 -2.72708
143 -0.529669 -1.18441
1470 -0.656369 -1.33808
7629 -0.523626 -1.4464
802 -0.107869 -1.32508
375 -0.957989 -0.923505
4891 -1.02252 -0.940949
4895 -1.0017 -0.932946
4517 -1.06685 -0.934501
4889 -1.07262 -0.923513
381 -1.14643 -0.952649
2590 -1.16524 -0.884069
4730 0.17348 -2.70801
3850 -1.31956 -1.00627
3849 -1.20718 -1.0828
3571 -1.37748 -1.03388
1341 -0.826216 -1.08656
205 -1.01123 -0.928217
539 -1.91367 -1.01785
7170 -1.37411 -0.921269
452 -1.78249 -0.971735
265 -0.760886 -1.03908
7727 -1.33377 -0.998858
4504 -1.35378 -1.00117
1087 -0.819292 -1.05892
423 -0.998018 -1.00242
1036 -0.581566 -1.28611
889 -0.456362 -1.24528
430 -0.564659 -1.21336
4017 -0.591223 -1.17568
4719 -0.554545 -1.13277
235 -0.636065 -1.2213
6509 -0.929441 -1.00331
9185 -0.81678 -0.971784
639 -0.778729 -1.01767
360 -0.20053 -1.61554
4977 0.0340213 -2.18121
33394 0.174463 -2.41488
13611 -0.599551 -1.29938
4181 -0.676005 -1.27514
13605 -0.557781 -1.33512
6515 -0.632264 -1.25468
4793 -0.809674 -1.10438
6213 -0.867885 -1.03965
5992 -0.937214 -1.02711
134 -0.765915 -1.11818
17670 -0.3991 -1.48849
17020 -0.326462 -1.37315
16713 -0.313538 -1.36186
22703 -2.66457 -1.30591
22737 -2.75603 -1.30998
22654 -2.61339 -1.29083
22647 -2.76993 -1.37227
22711 -2.78708 -1.33909
519 -1.47649 -1.0423
7749 -2.76482 -1.31139
5287 -2.86242 -1.32617
15513 -2.77699 -1.33801
7693 -2.803 -1.31893
15256 -2.87144 -1.32856
719 -2.74376 -1.32188
13001 -2.71481 -1.30044
593 -1.85187 -1.06457
752 -2.72279 -1.33783
9251 -2.75967 -1.31866
22753 -2.48837 -1.27434
6570 -2.72726 -1.32442
22664 -2.6439 -1.26076
22734 -2.60683 -1.25949
4737 -2.74112 -1.17677
1198 -1.8876 -1.10598
4521 -1.26651 -0.957002
566 -2.21571 -1.01949
15656 -2.029 -0.920901
15468 -3.7532 -1.42808
15465 -3.5957 -1.34183
15467 -3.75825 -1.39184
808 -1.45484 -0.944666
24642 -2.2039 -0.969308
621 -2.79092 -1.13284
22643 -2.74349 -1.3153
2577 -2.81513 -1.20369
15232 -2.75933 -1.30217
6373 -0.567505 -1.18076
1092 -0.560806 -1.20467
6378 -0.943979 -1.0668
4676 -1.87168 -1.00292
7147 -2.27318 -1.08608
2700 -2.48168 -1.10403
747 -2.45173 -1.08877
7148 -2.44895 -1.11962
16609 -2.33291 -1.08492
7149 -2.29594 -1.06127
2619 -2.47313 -1.10702
1086 -0.563548 -1.19137
317 -0.545691 -1.271
4220 -1.34203 -1.05243
345 -0.369476 -1.33947
13117 -0.451114 -1.49985
29519 -0.465824 -1.56184
922 -0.554053 -1.50515
2385 -0.489865 -1.47088
17922 -0.436584 -1.57572
913 -0.411321 -1.4395
17006 -0.342226 -1.36783
12300 -0.696958 -1.12159
12317 -0.55523 -1.11127
1743 -0.571441 -1.12372
17567 -0.533359 -1.06622
14061 -0.607865 -1.0534
403 -0.609975 -1.17797
4514 -0.799768 -1.10452
10661 -0.819637 -0.989473
30828 1.02794 -5.03437
30827 1.02909 -5.08188
34261 0.507972 -3.9181
5069 0.631523 -4.69123
34292 0.552714 -4.11956
34260 0.558309 -4.05736
31190 0.833924 -4.87059
31191 0.836863 -4.82701
1373 -1.03918 -0.926836
450 -0.556766 -1.24129
56 -0.394266 -1.286
6539 0.22025 -2.8276
18875 0.119129 -2.45886
18860 0.144775 -2.70315
82 -0.0172982 -1.97515
2804 0.0920262 -2.16238
18826 0.183159 -2.67373
4356 0.189836 -2.83205
18806 0.176399 -2.91942
18892 0.231578 -2.79809
18886 0.188285 -2.77832
2408 0.147125 -2.70366
18850 0.172019 -2.70505
280 0.170397 -2.70211
11527 0.223286 -2.75544
887 0.078787 -2.20771
18811 0.14903 -2.63849
18912 0.145058 -2.78887
18904 0.19234 -2.82743
1936 0.2007 -2.83761
18829 0.168028 -2.71885
6565 -0.109135 -1.67348
3010 -0.202233 -1.54412
1224 -0.0232107 -1.69693
9284 -1.06123 -0.885195
11654 -1.05699 -0.816205
9308 -1.67663 -0.886852
500 -1.82883 -0.902334
8699 -1.75079 -0.859999
16751 -0.433041 -1.37232
16749 -0.498201 -1.35884
16748 -0.422643 -1.42819
354 -2.06979 -1.03139
2603 -1.7262 -1.03432
20636 -1.85196 -1.01971
2663 -1.66999 -0.957449
2263 -1.6841 -0.957563
1428 -1.8623 -1.03219
3237 -1.85944 -1.03323
336 -1.39152 -0.944631
565 -1.36209 -0.91939
7684 -2.14871 -0.959681
11191 -2.3145 -1.00233
10939 -2.11668 -0.984241
4197 0.330562 -2.60298
18208 0.221422 -2.43466
16643 0.36243 -2.83875
18059 0.229141 -2.22994
18215 0.247939 -2.41262
18165 0.368955 -2.49286
18164 0.508567 -2.77251
1025 0.46781 -2.73536
6815 -0.169144 -1.64083
1165 -0.349935 -1.34439
1214 -0.606384 -1.18889
370 -0.882113 -1.09014
22744 -2.71065 -1.27109
1425 -3.05161 -1.28181
564 -1.64581 -0.960437
672 -1.56527 -0.925078
12201 -1.02171 -0.960945
300 -1.31986 -0.96198
10662 -1.8331 -0.950759
1637 -0.788376 -0.996806
15476 -3.38287 -1.35387
504 -1.62247 -0.987669
3144 -1.36188 -0.924596
2675 -1.81123 -1.03148
2614 -1.9282 -1.05757
5761 -2.74688 -1.28841
3437 -3.22581 -1.34154
4605 -3.15445 -1.26048
4606 -3.90824 -1.47653
13583 -4.83835 -1.7767
5259 -3.84934 -1.44129
3098 -3.25496 -1.25958
1076 -1.60572 -1.00619
12106 -1.34958 -1.01346
3913 -1.32918 -1.02265
443 -3.9307 -1.42954
15913 -4.21423 -1.54049
3354 -3.46534 -1.31787
5384 -4.16822 -1.53878
7292 -3.97999 -1.46435
7066 -4.00757 -1.45911
5382 -3.84618 -1.46699
10833 -4.01688 -1.48888
7321 -3.51834 -1.34905
4744 -3.43088 -1.36883
88 -0.56234 -1.29849
1070 -0.627309 -1.19293
5500 -0.669926 -1.15377
4531 -1.62606 -0.953068
1054 -0.601342 -1.14787
2502 0.671589 -3.84171
24339 0.632841 -3.71231
1098 0.682968 -3.8555
2733 0.622201 -3.83054
29197 0.652351 -3.83478
13984 0.679946 -3.75811
3595 -1.93463 -1.06607
3427 -2.04936 -1.15272
7362 -1.30407 -1.02471
1602 -1.12712 -0.969334
229 -0.924711 -1.06619
111 -1.3212 -0.946862
4194 -0.767898 -1.22597
2234 -0.739036 -1.23535
897 -0.619794 -1.31541
734 -0.583375 -1.22592
29743 0.0529711 -2.34985
29745 0.0494617 -2.3962
14328 0.0465332 -2.476
22669 -2.84633 -1.39026
3139 -2.82285 -1.33242
22752 -2.79778 -1.33206
11756 -2.73216 -1.35848
7308 -1.89004 -1.03112
15634 -2.71074 -1.255
22731 -2.79722 -1.33048
8070 -2.60511 -1.24475
15293 -2.73208 -1.29328
1178 -2.04477 -0.953674
234 -1.41536 -0.93466
8580 -0.555957 -1.20763
1387 -0.492879 -1.17946
24474 -0.7805 -0.952022
156 -0.471168 -1.27927
185 -0.636911 -1.18995
960 -0.573779 -1.14218
813 -0.532405 -1.23485
893 0.279778 -2.97566
4398 -0.114242 -1.61549
1927 0.208914 -2.2853
1890 0.0756519 -2.08151
1074 0.213945 -2.31719
1045 0.139879 -2.19811
4838 0.672618 -3.90218
828 0.65875 -3.81216
1899 0.151205 -2.16428
24325 0.333502 -2.4537
24186 0.666757 -4.11896
29265 0.66849 -3.78378
29261 0.663512 -3.82351
25869 0.679136 -3.87861
29263 0.73278 -4.08518
29266 0.720299 -4.0818
29264 0.708702 -3.89011
12884 -1.28843 -0.914628
458 -1.28047 -0.958046
12823 -1.37761 -0.934542
12822 -1.36531 -0.914076
7954 -1.26871 -0.908398
12564 -1.23562 -0.944136
12506 -2.57171 -1.2774
4616 -1.83706 -0.996312
12995 -2.45512 -1.0486
7503 -2.08622 -0.939644
4728 -0.640786 -1.26053
676 -0.54689 -1.23957
582 -0.757247 -1.01457
439 -0.512655 -1.25047
1195 -0.162677 -1.69663
1101 -0.49343 -1.23416
4878 -0.481395 -1.24614
17143 -0.413046 -1.23088
1106 -0.406363 -1.30757
1111 -0.912594 -0.952227
17602 -0.526962 -1.23369
4335 -0.418024 -1.16244
6833 -0.900438 -1.05489
914 -0.546118 -1.12608
915 0.434572 -2.83533
875 0.476809 -3.2379
409 0.595751 -3.63624
9997 0.675369 -3.8959
24213 0.611371 -3.80338
24182 0.667224 -3.84512
2472 0.648072 -3.85227
89 -0.754212 -1.09228
2265 -0.497757 -1.54324
3669 -0.16336 -1.91105
8882 0.192589 -2.79785
18834 0.1561 -2.67444
18819 0.232376 -2.92601
4731 0.186918 -2.70905
18911 0.209041 -2.84874
18874 0.158096 -2.74605
18785 0.15869 -2.62402
4369 0.160164 -2.79015
18906 0.183039 -2.71383
53 -0.00157797 -2.06589
1031 -0.264243 -1.4977
18265 0.00171781 -1.92692
14896 0.166905 -2.28749
10408 0.219598 -2.46412
924 -0.332549 -1.39945
736 -2.63078 -1.0907
26727 -2.8923 -1.27042
255 -2.1116 -1.03178
4600 -2.68706 -1.16668
2612 -2.38967 -1.10268
7146 -2.35574 -1.07248
16175 -2.74141 -1.19715
773 -2.84583 -1.20957
4604 -2.54108 -1.12389
3793 -2.72937 -1.20313
383 -1.6574 -0.944781
78 -0.818461 -1.00795
6080 -0.594969 -1.26379
1689 -0.69354 -1.22105
1499 -0.58756 -1.29536
12756 -1.33095 -0.956704
5998 -1.34402 -1.01132
4740 -2.61964 -1.25644
3057 -2.69767 -1.32587
22733 -2.85928 -1.34274
22717 -2.79191 -1.3175
15247 -3.04867 -1.2979
22722 -2.60515 -1.2681
4753 -3.29965 -1.30006
5333 -3.29651 -1.30995
6860 -3.22494 -1.30199
10847 -3.15218 -1.27733
4057 -3.15367 -1.27348
22551 -3.31363 -1.34069
521 -3.02393 -1.27486
5314 -2.70761 -1.26644
771 -2.66326 -1.29458
10893 -3.14224 -1.45464
33291 -3.16458 -1.41774
9334 -2.78984 -1.3357
22640 -2.49724 -1.22711
769 -1.41556 -1.06047
15331 -2.88409 -1.33698
22750 -2.78365 -1.31413
15507 -2.83793 -1.37468
22702 -2.75052 -1.31894
22687 -2.60449 -1.26574
7640 -2.67279 -1.3162
4539 -2.76443 -1.29895
575 -2.39579 -1.12258
22718 -2.66647 -1.32443
830 -0.807059 -0.994123
18639 -0.793129 -0.977348
17112 -0.679594 -1.29847
9616 -0.674968 -1.18295
3314 -0.671839 -1.25
28868 -0.706908 -1.1878
3846 -0.721082 -1.1944
1188 -0.730837 -1.20195
591 -0.80214 -0.957123
9121 -0.959985 -0.874871
3133 -1.328 -0.934958
186 -1.03218 -0.9044
4898 -1.05516 -0.890616
603 -0.278886 -1.5132
21951 -2.17378 -0.934542
11836 -2.22837 -0.964636
471 -2.06005 -1.05443
22720 -2.79798 -1.33003
2515 -0.481775 -1.48788
1210 -0.57211 -1.31198
12668 -0.913473 -1.07998
632 -0.963793 -0.963074
175 -1.00311 -0.978133
811 -0.670249 -0.913122
465 -0.165667 -1.44319
9594 0.2418 -2.44076
10902 -3.74402 -1.42738
35810 -3.95695 -1.46802
35811 -3.81291 -1.40136
5276 -3.91985 -1.42162
7983 -5.18698 -1.82169
8054 -4.28215 -1.48901
4746 -4.9373 -1.73727
20306 -5.38632 -1.87124
509 -3.0215 -1.26001
15274 -2.76487 -1.31286
3039 -2.8134 -1.33916
7968 -0.587807 -1.26863
2046 -0.110415 -1.7009
4283 0.0359429 -1.8119
21469 0.103727 -1.88826
382 -0.0714768 -1.66668
4285 0.180031 -2.22544
17831 0.170783 -2.25318
1574 0.144556 -2.39235
2779 0.153131 -2.28807
93 -0.436254 -1.25606
10734 -0.00469006 -2.05973
7032 0.0200387 -2.0347
4974 -0.0721032 -1.85552
4472 0.0432105 -2.00938
1094 -0.248338 -1.55116
6105 -0.522873 -1.20313
1068 -0.569559 -1.22359
388 -0.568184 -1.25646
80 -0.568716 -1.15991
36386 0.502654 -4.13403
36382 0.624574 -4.97136
36385 0.495764 -4.03581
36384 0.501513 -3.99888
36383 0.450839 -4.08151
36387 0.52416 -4.07744
36381 0.525652 -4.18682
4467 0.160385 -2.60391
245 -0.0709737 -1.75472
4400 -0.362696 -1.23918
3776 -1.29558 -0.792422
529 -2.16861 -1.03306
6986 -3.17257 -1.23772
22545 -3.00773 -1.28959
5243 -4.02509 -1.51844
5339 -3.27801 -1.31295
22193 -3.19499 -1.27262
4405 -0.879421 -0.642117
22563 -3.53106 -1.42339
3127 -3.11934 -1.28728
2948 -3.61576 -1.36082
11043 -3.77855 -1.35277
22300 -3.75747 -1.38472
5237 -3.64718 -1.32929
5150 -3.31224 -1.34008
5201 -3.2884 -1.29111
5345 -3.17941 -1.24939
5308 -3.57243 -1.37634
22548 -3.30188 -1.32699
22547 -3.75318 -1.42838
21397 -3.85188 -1.46593
4497 -1.1311 -0.902512
1697 -1.31419 -0.931757
10689 -0.597771 -1.23716
2714 -0.666421 -1.21947
6001 -0.598084 -1.25273
2189 -0.690422 -1.25695
2382 -0.683219 -1.2253
803 -0.726824 -1.15472
19167 0.487012 -3.07259
19057 0.576566 -3.46884
26831 0.982018 -5.01076
26585 1.1788 -6.03833
3352 1.0567 -5.37405
26584 0.951672 -4.81861
26837 0.936358 -4.87168
26527 1.22743 -6.07151
26576 0.946586 -4.95571
26586 0.895712 -4.71319
26526 0.949914 -4.77497
3522 0.960361 -4.86018
26528 0.975762 -4.88719
26529 0.953295 -4.94796
83 -0.347966 -1.30099
346 -1.15544 -1.00726
241 -1.3779 -0.960153
3175 -1.79933 -1.0054
592 -1.99375 -1.04373
22648 -2.77399 -1.32467
612 -2.68501 -1.27541
22644 -2.58498 -1.29555
5738 -2.76559 -1.29302
22690 -2.63734 -1.29395
576 -2.66418 -1.3242
4180 -1.76412 -1.02633
3491 -1.88402 -1.04627
724 -1.79207 -0.997537
1544 -1.81575 -1.03537
836 -0.882358 -0.947326
4193 -0.574958 -1.1467
3386 -0.349525 -1.29639
7072 -0.407599 -1.27429
3184 -0.614104 -1.04269
9468 -0.574798 -1.11478
1143 0.500027 -3.34296
2103 0.194602 -2.30982
1939 0.187703 -2.37633
4392 -0.129463 -1.58115
865 -1.33679 -0.902728
12982 -2.18926 -0.953078
1371 -1.00652 -1.01215
11668 -1.51919 -0.959769
2977 -1.60279 -0.991206
2471 -1.50148 -0.969897
4824 -1.45605 -0.947197
2957 -1.51599 -0.96673
1831 -0.987627 -0.898099
2787 -0.807321 -0.963651
251 -0.781315 -0.985752
1368 -0.715256 -1.09333
2793 -0.669188 -1.07303
3209 -1.36471 -0.941925
573 -2.2694 -1.02772
1819 -1.37879 -0.961839
22196 -1.50154 -0.987069
174 -0.883606 -1.08445
666 -0.195582 -1.3233
15201 0.12342 -2.28679
3028 0.300456 -2.73126
796 0.000975831 -1.9837
4499 -1.304 -0.906059
7237 -1.99681 -1.02214
213 -3.04809 -1.2216
1176 -1.25761 -1.00089
15323 -2.70102 -1.33698
35814 -3.78927 -1.40994
7651 -2.70573 -1.31638
5168 -2.67781 -1.29543
22667 -2.73537 -1.28076
2696 -2.72065 -1.33433
829 -1.22056 -1.01082
1133 -0.631016 -1.19151
1326 -1.60421 -1.03633
1328 -1.48709 -1.0252
1303 -1.60789 -1.08168
1302 -1.72601 -1.04718
192 -0.983323 -1.01068
638 -1.17752 -0.924442
4884 -1.06915 -0.978206
180 -1.06204 -0.924206
7521 -1.04889 -0.93501
804 -1.00923 -0.917511
2611 -1.80696 -0.990369
794 -1.85771 -1.06238
355 -1.62339 -0.896239
233 -1.47778 -0.903241
735 -2.04848 -0.986713
225 -2.82581 -1.23416
312 -2.71007 -1.1943
3970 -2.73509 -1.2111
299 -1.51182 -0.926125
2710 -2.68713 -1.16012
1640 -0.957582 -1.01859
6072 -1.06834 -1.01324
244 -0.382824 -1.29675
5711 -0.805997 -1.05065
5709 -0.782369 -0.997895
1935 -0.479007 -1.18498
6271 -1.34382 -0.849372
1592 -0.916677 -1.01232
2749 -0.667978 -1.28317
2294 -0.650847 -1.28326
3370 -0.577168 -1.22387
4166 -0.732196 -1.31333
1333 -0.799289 -1.22049
3899 -0.890085 -1.1723
8698 -0.798491 -1.22462
1517 -0.74932 -1.25127
5284 -3.28113 -1.32499
1864 -3.7964 -1.36113
10826 -3.29915 -1.33499
22556 -3.27019 -1.25457
3233 -2.88967 -1.23727
4756 -3.02906 -1.15486
81 0.100636 -1.88324
1893 0.217432 -2.28022
109 -0.0282865 -1.81918
674 -0.474197 -1.26071
107 -0.598315 -1.23345
2562 -0.576085 -1.13532
13904 -0.483617 -1.20444
22695 -2.85857 -1.30457
3451 -2.7057 -1.2986
5465 -2.76997 -1.32556
8326 -2.85735 -1.35886
22688 -2.78453 -1.3064
8416 -2.77762 -1.33523
3682 -2.82133 -1.36705
22748 -2.75917 -1.30331
22651 -2.76471 -1.33992
470 -1.5347 -0.914879
22712 -2.64779 -1.32608
812 -2.66319 -1.28711
10884 -2.71581 -1.31647
2788 -0.70818 -1.03296
9281 -1.36178 -0.968087
6191 -0.901852 -1.03583
3744 -1.75667 -0.991944
3102 -1.72282 -0.992884
4174 -1.87472 -1.02177
12608 -1.38236 -0.965312
2533 -0.654787 -1.20657
8662 -0.606057 -1.31321
528 -1.61621 -0.910696
4590 -3.12386 -1.31049
727 -2.89418 -1.17697
604 -3.47214 -1.35105
85 -2.93621 -1.1906
13000 -2.32671 -1.03444
12999 -2.32654 -1.04647
585 -2.43591 -1.12477
29539 -0.44309 -1.5476
18227 0.272118 -2.72225
1162 0.23952 -2.48704
1050 -0.353163 -1.15885
17791 -0.184969 -1.42251
17792 -0.126287 -1.45431
417 -0.612643 -1.21
1069 -0.527412 -1.26086
12330 -0.360066 -1.33554
602 -0.84345 -0.994434
8567 0.156132 -2.28225
378 -0.159279 -1.63926
22699 -2.64266 -1.30225
7663 -2.72208 -1.31612
5038 -5.45596 -2.03891
32335 -4.46213 -1.66311
31473 -6.27632 -2.27712
31472 -4.87715 -1.76248
31796 -4.34129 -1.67239
33114 -5.07517 -1.82153
32159 -4.46069 -1.68111
32438 -4.30957 -1.63168
31568 -4.28221 -1.61087
32477 -4.3878 -1.65622
31487 -5.02873 -1.82713
13594 0.990223 -5.06916
13593 0.988895 -5.07492
22719 -2.73941 -1.27822
15386 -2.62991 -1.28559
15375 -2.9466 -1.39633
526 -1.15708 -0.996967
13607 -0.58609 -1.30638
4818 -0.616699 -1.2185
8074 -0.645406 -1.25776
5993 -0.691974 -1.18351
116 -0.0650572 -1.83369
5170 -0.901549 -1.07864
8866 -1.12737 -0.991876
5030 -1.47832 -0.951852
1372 -0.645715 -1.2721
22649 -2.7852 -1.31486
553 -2.88976 -1.36573
818 -2.91546 -1.35218
15233 -2.70162 -1.32698
664 -1.88446 -0.981725
22184 -3.32178 -1.33695
3968 -3.38284 -1.32939
3743 -3.29702 -1.29608
21411 -3.27583 -1.32407
20620 -3.60316 -1.35224
23408 -3.88729 -1.4229
4735 -4.01684 -1.47236
4404 -0.199716 -1.00106
79 0.0536976 -1.57139
9140 0.238662 -2.27675
14619 0.357893 -2.60534
30124 0.301992 -2.30171
31074 0.794123 -5.20623
31073 0.797759 -5.17255
13619 -0.629731 -1.23991
7441 -1.32463 -0.969093
17741 -1.41839 -0.978277
489 -0.3778 -1.2904
13599 -0.570773 -1.27901
1114 -0.5575 -1.23377
6296 -0.567565 -1.30636
1137 -0.695351 -1.26533
1027 -0.277107 -1.41617
1140 -0.562366 -1.25316
917 -0.490417 -1.38141
477 -0.908032 -0.94788
22742 -2.73029 -1.30808
22638 -2.77303 -1.33955
5075 -4.06474 -1.45812
22232 -3.61983 -1.28191
5286 -2.69471 -1.06267
3742 -3.42695 -1.37282
12200 -1.13597 -0.949761
6524 -1.18039 -0.910017
12462 -1.15303 -0.969722
12550 -1.24676 -0.926569
6289 -0.517776 -1.21037
1046 -0.502943 -1.22979
4897 -1.03222 -0.917989
1338 -1.22492 -0.950665
8097 -0.552447 -1.36519
2039 -0.566488 -1.3155
8198 -0.570242 -1.34359
8172 -0.646163 -1.28922
6445 -0.559189 -1.30091
18778 0.177194 -2.69849
11502 0.182283 -2.61222
2029 0.210994 -2.76161
18795 0.14132 -2.69588
96 0.0327857 -2.24809
13501 0.176556 -2.77269
18792 0.223635 -2.79636
4182 0.220015 -2.9146
18872 0.209267 -2.81564
36621 0.208942 -3.10798
18856 0.230574 -2.87625
18845 0.159676 -2.58267
18869 0.132245 -2.57619
18779 0.165765 -2.68536
18859 0.169391 -2.76704
1901 0.231808 -2.91041
15709 -1.15852 -0.924817
15904 -1.77357 -0.786833
14574 -1.35406 -0.989419
2631 -1.29079 -1.02453
10913 -1.2411 -1.16486
10916 -1.30512 -1.08776
3137 -1.85043 -1.06894
10912 -1.22298 -1.08284
6446 -0.645896 -1.28034
76 -1.1366 -0.998932
517 -0.389559 -1.41064
667 -0.586241 -1.19486
1519 -1.0458 -0.991064
1129 -1.43168 -0.939557
13188 -1.32895 -0.892882
11753 -1.3607 -0.936976
627 -1.4097 -0.936866
4027 -1.38144 -1.00364
404 -1.25465 -0.918069
570 -1.32184 -0.940318
4123 -1.31942 -0.923493
1354 -0.932236 -1.01398
29748 0.00286257 -2.30732
16978 0.0294873 -2.36856
17048 0.0296537 -2.38696
6125 0.635247 -4.02209
24753 0.639661 -4.06348
24742 0.634985 -4.074
24746 0.634441 -4.09083
24749 0.579951 -3.92716
24740 0.641838 -4.21835
24684 0.660816 -4.25834
13412 0.665618 -4.05227
2566 -4.91131 -1.71701
24802 -7.00319 -2.42841
8000 -4.91507 -1.71534
8016 -5.15781 -1.78097
7984 -4.36657 -1.54304
5434 -3.94018 -1.44834
23026 -4.84959 -1.74387
23366 -3.99313 -1.4154
23378 -4.08509 -1.46488
7082 -4.60175 -1.61895
23394 -4.16398 -1.46569
5204 -3.05428 -1.23667
2931 -3.35907 -1.3227
5277 -3.86475 -1.42516
11666 -3.24931 -1.27798
3064 -3.43202 -1.34123
454 -0.554748 -1.34231
13620 -0.574429 -1.36146
8140 -0.628406 -1.27312
2514 -0.622297 -1.3141
13604 -0.603168 -1.28697
13598 -0.570352 -1.35879
29517 -0.486734 -1.47208
10842 -4.38317 -1.57294
23639 -5.60374 -2.0098
23659 -4.38751 -1.54013
14832 -4.62852 -1.65248
23585 -4.96724 -1.75424
23616 -5.58731 -1.97402
23618 -4.60993 -1.61233
8029 -5.05395 -1.75516
23630 -4.56753 -1.59532
5220 -3.94724 -1.46253
3680 -4.075 -1.505
5233 -3.19347 -1.27502
7986 -4.10765 -1.48708
6917 -4.67079 -1.66629
4755 -3.4079 -1.28003
13424 -3.6965 -1.42211
20829 -3.27637 -1.27559
1139 -1.34314 -0.798849
20819 -3.17638 -1.2555
3400 -3.09582 -1.21496
11522 -3.36644 -1.30073
1704 -2.39194 -1.02809
7525 -0.540851 -1.34891
5158 -0.49274 -1.28239
871 -0.565392 -1.21866
1297 -0.626018 -1.22918
2323 -0.436495 -1.27926
18983 -0.404414 -1.26009
13606 -0.589931 -1.32365
784 -2.33578 -1.03166
7745 -2.25456 -1.04508
1330 -2.36647 -1.08703
3058 -1.8495 -1.03922
3507 -2.27464 -1.02541
3506 -2.3383 -1.02042
5082 -3.32252 -1.31327
18656 -3.30604 -1.33035
6678 -3.19687 -1.26864
27 -0.994733 -0.790004
22334 -3.34471 -1.29523
20266 -3.32768 -1.30174
2057 -1.60036 -0.939003
7028 -1.85637 -0.807826
3026 -4.03317 -1.47223
4681 -3.33077 -1.36435
1438 -3.65209 -1.34905
1611 -1.73467 -1.02349
1304 -0.381025 -1.2891
19269 -0.340977 -1.27264
436 -1.07609 -0.932947
5084 -3.10015 -1.26471
2267 -3.23414 -1.27684
1127 -0.592572 -1.23144
8995 -0.918676 -1.04103
7679 -1.85181 -0.991677
17934 0.248962 -2.56818
3041 0.315201 -2.76707
2601 -0.706752 -1.24459
2650 -1.72545 -0.97893
22674 -2.56621 -1.26432
22713 -2.61824 -1.27141
22714 -2.55329 -1.27822
22692 -2.69613 -1.29906
520 -1.66522 -0.973468
3161 -3.87326 -1.50448
11634 -4.01055 -1.48375
12687 -4.15946 -1.56415
5299 -3.93994 -1.4908
23131 -4.10889 -1.53597
18838 0.153593 -2.71308
18889 0.194748 -2.85534
15196 0.194552 -2.76343
18884 0.141325 -2.55722
18898 0.0969107 -2.59128
1117 -0.111921 -1.9293
29516 -0.493175 -1.55972
4131 -0.434522 -1.51968
4562 -0.496418 -1.47945
29531 -0.459727 -1.57592
18878 0.186955 -2.73581
2480 0.201413 -2.8598
18801 0.148889 -2.67807
6038 -0.104463 -1.86215
12347 -0.316198 -1.43472
876 -0.267899 -1.55795
4097 -0.114863 -1.65659
19489 -0.374111 -1.49743
2509 -1.29508 -0.949075
13190 -1.44253 -0.949412
559 -2.89522 -1.40147
15335 -2.76816 -1.36173
7657 -2.77415 -1.30688
15506 -2.78213 -1.34064
22681 -2.74235 -1.2947
15343 -2.88125 -1.38008
10680 -1.82627 -1.0508
22683 -2.7902 -1.28839
22650 -2.68904 -1.32687
15230 -2.75706 -1.3111
1245 -1.58119 -1.01108
15349 -2.74836 -1.29761
14768 -3.34967 -1.31345
22192 -3.28164 -1.32647
5853 -2.40311 -1.10655
1653 -3.16547 -1.34727
797 -1.84873 -1.01048
8489 -1.73095 -1.01638
3130 -1.84292 -1.04162
2924 -0.963938 -1.04062
1365 -0.519261 -1.18191
2507 -0.555227 -1.19297
4952 -0.523744 -1.18638
2538 -0.579903 -1.18256
131 -0.581845 -1.20847
4880 -1.06747 -0.998378
5745 -1.24588 -1.07492
2800 -0.094097 -1.96884
2083 0.0168091 -2.06505
14981 -0.0562523 -1.85806
146 -0.649154 -1.05939
400 -0.776569 -1.06144
441 -0.522999 -1.1935
13 0.17679 -2.73724
18885 0.162833 -2.58424
18821 0.104951 -2.52483
18853 0.217747 -2.79258
1193 -0.113328 -1.76209
112 -0.122779 -1.75187
18905 0.137932 -2.56315
1912 0.149674 -2.24993
10017 0.419466 -2.8744
16857 0.437043 -3.11696
10016 0.297681 -2.42775
10015 0.441339 -2.84517
18748 0.383719 -2.71778
2051 0.548771 -3.3145
19279 0.390421 -2.82216
19280 0.582112 -3.43251
878 -0.312347 -1.27386
10804 -0.0888765 -1.71602
702 -0.533839 -1.20763
7517 0.21694 -2.69053
7549 0.271071 -2.78276
17824 0.0488141 -1.81454
18071 0.264332 -2.61614
18013 0.254022 -2.49922
715 -0.588105 -1.31579
448 -0.631402 -1.2458
13600 -0.563309 -1.35973
4615 0.231503 -2.3965
8329 -0.0834727 -1.79847
17752 -0.518299 -1.07005
17147 -0.518119 -1.12704
1597 -1.80089 -1.04856
1598 -1.68034 -1.08276
537 -1.78813 -1.05249
670 -1.76301 -1.07268
527 -2.09247 -1.10743
531 -1.77656 -1.07765
22670 -2.83588 -1.3312
624 -1.79597 -1.03998
483 -1.31134 -0.896569
595 -1.08779 -0.878157
4888 -1.10715 -0.922553
72 -1.96795 -1.04429
22639 -2.71239 -1.26559
5843 -2.77899 -1.34954
15406 -2.74915 -1.35349
22749 -2.64273 -1.31341
5437 -3.98564 -1.4691
20627 -3.30855 -1.31203
8314 1.01357 -4.87216
8322 1.34519 -6.79587
26040 1.02746 -4.91659
1559 0.981166 -4.75227
26068 1.00937 -4.88407
26021 0.987218 -4.77766
8315 1.08149 -5.39023
26030 1.30347 -6.62909
28944 1.03703 -4.99978
28945 0.98902 -4.8874
28943 1.00922 -4.97901
26048 1.10837 -5.48265
26015 1.01424 -4.95498
4232 1.10492 -5.41929
26035 1.00376 -4.88445
26051 0.989539 -4.93493
26058 0.97126 -4.84606
26070 1.11764 -5.5154
26027 0.971835 -4.82755
26039 1.00674 -4.98989
26062 0.996454 -4.88217
26063 1.00456 -4.91813
26010 1.0572 -5.13584
28919 0.991077 -4.84537
26049 0.985297 -4.78378
8340 1.01979 -4.99614
631 -0.660085 -1.20985
5375 -3.3745 -1.34018
21419 -3.2801 -1.32287
19777 -3.49061 -1.35475
4227 -2.70075 -1.12758
18684 -2.12855 -0.956521
4074 -0.631898 -1.18404
510 -2.40738 -1.11224
24640 -2.05269 -0.966965
12983 -2.11889 -0.977927
263 -2.2427 -1.02395
340 -0.525832 -1.18752
4396 -0.478186 -1.24342
562 -0.633097 -1.19777
2734 -0.65261 -1.28904
8111 -0.574817 -1.30713
22686 -2.77441 -1.33934
22685 -2.80211 -1.32348
1170 -0.524295 -1.15087
420 -0.762608 -1.10313
1248 -0.512228 -1.24374
6891 -0.340875 -1.33546
5153 -0.34125 -1.28209
29425 -0.369341 -1.28431
4647 -0.335596 -1.3004
2215 -0.396359 -1.22139
16897 -0.479783 -1.18462
4297 -0.415153 -1.21686
3342 -0.395078 -1.21427
5074 -0.357643 -1.29209
20842 -0.17638 -1.43487
20366 -0.749973 -1.16662
16192 -0.810931 -1.21873
4195 -0.737521 -1.18794
13242 -0.665297 -1.18776
2684 -1.91286 -1.0576
2550 -0.35646 -1.30722
14804 -0.384723 -1.37118
13609 -0.628129 -1.28616
1429 -1.84383 -0.965523
2580 -2.16796 -1.10122
1458 -1.0413 -1.01699
29540 -0.476135 -1.55453
29527 -0.439002 -1.56687
2817 -0.434963 -1.58933
2921 -0.447109 -1.46968
9800 -0.500807 -1.44615
4542 -0.823285 -1.0413
4900 -1.01086 -0.894813
7565 0.3012 -2.7259
367 -0.039859 -1.76557
7564 0.359362 -3.01776
2420 0.330301 -2.88937
7559 0.444708 -3.16855
7531 0.422197 -3.15222
8381 -2.78097 -1.36704
5430 -3.21946 -1.27462
21418 -3.13731 -1.28039
8391 -3.31441 -1.32882
20297 -5.04694 -1.76927
20243 -6.24887 -2.21435
20334 -5.00364 -1.7654
20242 -4.88599 -1.70121
21248 -4.31378 -1.49202
21247 -4.41545 -1.53099
7985 -4.33989 -1.51963
22049 -3.23309 -1.2889
15287 -2.67832 -1.31817
15358 -2.68457 -1.32796
12415 -1.34283 -0.963189
6140 -1.31537 -0.971835
11445 -1.34361 -1.00815
11812 0.704468 -5.30346
30192 0.667783 -5.27645
497 -0.30659 -1.49964
97 -0.364961 -1.33704
22677 -2.82053 -1.35416
22658 -2.75087 -1.33339
6785 -2.92255 -1.32527
653 -1.41999 -0.86886
14822 -2.18413 -0.979644
538 -2.48306 -1.13844
9647 -2.14925 -1.00313
8341 -1.99642 -0.936799
1585 -0.589872 -1.3338
13618 -0.546646 -1.29097
8181 -0.573699 -1.37255
21516 -0.0221348 -2.21548
29744 0.0319563 -2.44749
29738 -0.00406943 -2.44266
29734 0.0288606 -2.32398
11340 0.0243127 -2.21881
15362 -2.72615 -1.33007
15345 -2.7646 -1.32584
22710 -2.5651 -1.22091
22676 -2.71581 -1.30963
6567 -1.71065 -0.971597
2642 -1.88183 -1.02014
3999 -1.83805 -1.02247
426 -0.154695 -1.46044
5631 -1.79554 -0.990395
2609 -1.19506 -1.00413
14043 -1.76112 -1.00926
2606 -1.69387 -0.997597
1159 -1.82652 -0.985716
558 -2.12197 -1.10424
8201 -0.578769 -1.31402
863 -0.597066 -1.32635
753 -0.645523 -0.945489
1824 -3.64859 -1.31859
21428 -4.298 -1.5132
21427 -4.00209 -1.44233
7060 -4.02096 -1.48044
11686 -3.97375 -1.49064
4618 -3.8604 -1.4721
5090 -3.97991 -1.45986
5492 -3.42523 -1.36618
22553 -3.28364 -1.30735
13197 -4.39554 -1.57144
4424 -3.36236 -1.35805
5490 -3.42591 -1.34169
284 -4.28662 -1.51952
8049 -5.46314 -1.9243
5470 -4.42746 -1.54823
6893 -5.20803 -1.80245
6976 -4.45528 -1.55782
23617 -4.50031 -1.58213
23629 -4.64332 -1.62276
18862 0.179176 -2.74102
2777 0.192169 -2.32347
4397 0.172101 -2.30679
1389 0.121437 -2.24466
4373 0.215736 -2.82703
4276 0.128342 -2.57315
18794 0.187851 -2.76739
18787 0.113832 -2.58557
4367 0.151041 -2.60809
13479 0.17529 -2.71665
5964 -0.951491 -0.802284
9496 -3.08228 -1.21312
20832 -3.11786 -1.22002
5963 -3.31994 -1.2869
20826 -3.22752 -1.24613
3604 -2.73523 -1.09004
563 -1.87541 -1.00123
35815 -3.78906 -1.37875
8695 -2.03113 -0.921843
22652 -2.78813 -1.3223
15260 -2.72537 -1.3232
6175 -2.82929 -1.30571
506 -2.66366 -1.28628
6464 -0.998868 -0.905568
1996 -1.39314 -0.980358
6060 -0.667309 -1.30203
8161 -0.664808 -1.23815
3093 -0.556333 -1.11315
86 -0.109912 -1.90018
115 0.0346599 -2.1532
2041 0.0262408 -2.14622
2092 -0.147054 -1.7059
9307 -1.87036 -0.858365
1360 -1.96932 -0.905505
12993 -2.2291 -1.02808
12994 -2.27999 -1.02717
8379 -1.88355 -0.909
18443 -1.00291 -0.854648
29746 0.0167145 -2.33385
29747 0.0226293 -2.37164
29753 -0.0471977 -2.35395
29731 -0.0288628 -2.29995
29739 -0.0171912 -2.26811
29752 -0.00176099 -2.27503
24744 0.615505 -4.0343
24741 0.626984 -4.06628
24747 0.6291 -4.08585
24739 0.642074 -4.19591
372 -2.65333 -1.28706
2946 -2.39256 -1.10532
1134 -0.592159 -1.30794
13615 -0.590882 -1.31174
6104 -0.568416 -1.31127
269 -0.210307 -1.469
22413 -0.538056 -1.19275
4281 -0.564863 -1.16628
13108 -0.270078 -1.30803
8237 -0.39739 -1.39031
8238 -0.380583 -1.38556
1071 -0.390474 -1.45164
8239 -0.372782 -1.35615
6641 -0.313945 -1.3772
29532 -0.535193 -1.45409
5177 -0.331097 -1.68192
29515 -0.526761 -1.58112
623 -0.40337 -1.61922
4519 -0.482947 -1.63306
473 -1.13836 -0.854857
277 -0.407301 -1.21403
481 -0.326991 -1.38364
694 -0.630384 -1.17273
21436 -0.479033 -1.21335
10201 -0.54982 -1.18016
7468 -4.07043 -1.48971
3728 -3.95597 -1.47337
22023 -4.33035 -1.55101
6783 -3.42897 -1.34557
842 -3.20431 -1.28008
530 -2.8713 -1.17085
10859 -4.12458 -1.55716
4228 -2.89604 -1.12502
8384 -2.21993 -0.969068
144 -0.811775 -1.00857
1308 -1.68094 -1.01224
20827 -3.41239 -1.35574
20828 -3.18228 -1.21857
13970 -3.30588 -1.26005
20824 -3.78069 -1.37417
20831 -3.33587 -1.28943
647 -3.95978 -1.46274
586 -1.73911 -0.906279
22740 -2.72871 -1.30832
2666 -2.38577 -1.05065
8139 -0.631775 -1.20276
4699 0.361322 -2.59299
22009 0.5865 -3.60261
22007 0.668985 -3.87074
18808 0.173609 -2.83855
8294 0.236041 -2.83244
18895 0.205767 -2.72861
866 0.00171712 -2.04175
18835 0.155614 -2.70569
18894 0.155552 -2.7325
1976 0.192269 -2.85513
18868 0.206645 -2.90652
18788 0.159696 -2.77221
18847 0.161545 -2.68357
868 -0.13024 -1.61503
279 -0.529836 -1.23932
1138 -0.0868894 -1.56283
2854 0.38912 -2.98238
11715 0.404519 -2.8786
939 0.342691 -2.63197
19243 0.458924 -3.05589
6828 0.423481 -3.00217
19200 0.374622 -2.85698
197 0.222113 -2.41665
2743 -0.578215 -1.22576
17745 -0.80696 -1.11236
1234 -0.782738 -1.09925
4513 -0.75511 -1.07537
11704 -1.29012 -0.984427
5674 -0.559827 -1.13752
1090 -0.562183 -1.15743
326 -0.541529 -1.22394
1885 -0.0533083 -1.75928
1057 -0.310701 -1.4192
1203 -0.549635 -1.1674
1910 -0.507265 -1.32846
560 -0.0685917 -1.8781
1306 -0.175315 -1.58507
18120 0.25314 -2.58376
18139 0.278017 -2.61656
6867 0.499066 -3.62163
9909 0.465981 -3.22061
2022 -1.02561 -0.925433
15668 -2.73146 -1.32134
22663 -2.70848 -1.30989
20817 -3.10619 -1.23774
4178 -3.26289 -1.24764
20823 -3.7947 -1.37754
20820 -4.63512 -1.69002
19706 -3.88799 -1.40941
20821 -3.78388 -1.37652
16729 -3.28578 -1.26639
14510 -1.55462 -0.904142
14227 -1.13179 -0.869975
2939 -0.929136 -1.55278
16799 -0.810579 -1.20781
406 -0.794761 -1.28917
13608 -0.584142 -1.27813
2735 -0.546896 -1.31455
1366 -1.01464 -0.921257
882 -1.00373 -0.917621
18863 0.172902 -2.6673
2114 -0.186622 -1.64382
18810 0.22433 -2.83849
17703 -1.39842 -0.996847
479 -1.33838 -0.841946
13617 -0.60176 -1.30829
1242 -0.616449 -1.26967
12886 -0.624617 -1.22048
335 -1.3592 -0.899406
4062 -0.604016 -1.25283
7969 -0.568027 -1.31051
1408 -1.23671 -0.825188
12422 -1.50309 -0.979276
18567 -1.65441 -0.939624
6838 -3.46456 -1.30322
4757 -3.3414 -1.32279
4617 -3.32193 -1.3068
5340 -3.37639 -1.35039
5224 -3.24492 -1.29568
22319 -3.33819 -1.30863
5222 -4.46127 -1.57819
23661 -4.42212 -1.57704
20336 -4.4365 -1.57465
2637 -4.35385 -1.52922
14840 -3.89367 -1.43117
1615 -3.14886 -1.26155
22564 -3.19958 -1.32919
22189 -3.31914 -1.34297
127 -2.11744 -0.943673
7020 -2.59148 -1.08355
6902 -3.3633 -1.31755
6900 -3.32481 -1.29473
6899 -3.3906 -1.29532
6903 -3.40348 -1.33686
6901 -3.36977 -1.31575
22704 -2.82161 -1.35219
12989 -1.28618 -0.870116
7430 -1.43541 -0.898339
1197 -1.22634 -0.914835
22197 -1.34785 -0.95757
781 -1.34315 -0.929934
3311 -2.90155 -1.09685
1767 -0.211574 -1.67331
1116 -0.441498 -1.30931
2573 -1.33455 -0.994584
15267 -2.76481 -1.2659
15342 -2.8821 -1.35044
22701 -2.8225 -1.31284
10878 -2.62969 -1.22119
22708 -2.6536 -1.26487
32237 -4.99145 -1.80524
36380 0.526957 -3.98691
7281 -3.36406 -1.37668
5217 -3.19345 -1.28005
5498 -3.20862 -1.30858
22178 -3.22416 -1.2828
9408 -0.905453 -0.9124
1504 -1.00068 -0.904798
1568 -0.958263 -0.932379
2732 -0.499611 -1.22428
1362 -0.747248 -1.01868
1211 -0.456513 -1.52019
492 -0.519643 -1.47279
29537 -0.446844 -1.56264
2995 -0.523769 -1.52329
177 -0.524929 -1.5344
29521 -0.477101 -1.54148
12373 -0.49867 -1.46275
29524 -0.498284 -1.63217
5057 -0.496417 -1.52763
615 -0.529326 -1.46867
29522 -0.402914 -1.58988
1171 0.190567 -2.21638
207 -0.0328691 -1.82415
4401 -0.333185 -1.34828
23100 -0.185377 -1.48992
3792 -0.969206 -0.970108
787 -0.181809 -1.58063
240 -0.193616 -1.53506
1966 -0.802971 -1.16726
4282 -0.663194 -1.23278
1586 -0.259638 -1.67727
12341 -0.410234 -1.53373
29533 -0.461391 -1.56534
695 -0.555198 -1.46759
6653 -0.648931 -1.06665
8948 -0.886707 -0.876862
22678 -2.76566 -1.33753
5205 -2.99285 -1.18737
22190 -3.26757 -1.2923
22328 -3.32587 -1.31492
22730 -2.94244 -1.37645
22747 -2.74169 -1.32445
5926 -2.81896 -1.38182
27517 -2.84072 -1.47474
1476 -1.75676 -1.03921
12103 -0.497374 -1.45973
12634 -0.4561 -1.59845
29535 -0.464131 -1.51583
18805 0.187528 -2.7999
1911 0.190998 -2.7775
18844 0.141957 -2.72436
18919 0.14839 -2.63771
5614 -0.239393 -1.55492
385 -0.0684873 -1.67316
291 -0.520073 -1.51829
198 -0.415203 -1.52248
14632 -0.532936 -1.48103
4484 -0.533652 -1.44213
18909 0.212802 -2.84654
13622 -0.608468 -1.27418
2654 -2.74224 -1.30164
22698 -2.71966 -1.30182
15512 -2.74165 -1.30885
4056 -2.36468 -1.10415
5407 -4.40914 -1.63428
5405 -4.08064 -1.48379
5102 -4.12916 -1.49807
4991 -3.85191 -1.39006
5464 -3.02342 -1.31036
7662 -2.71496 -1.32098
22679 -2.85118 -1.33839
4700 -1.62477 -0.836939
3394 -1.35471 -0.97978
2635 -2.74627 -1.19333
4240 -2.77825 -1.21597
3135 -2.61551 -1.17018
2569 -2.59869 -1.17396
5438 -3.30394 -1.31259
6898 -3.11645 -1.24982
22550 -3.15845 -1.27263
15834 -1.66054 -0.904385
13095 -1.89111 -0.962246
1459 -0.960577 -1.06572
30685 -2.93855 -1.32458
12539 -3.04815 -1.31103
30684 -3.05916 -1.32184
30829 -3.17638 -1.33832
30607 -3.20875 -1.37785
10641 -3.08687 -1.32
30769 -1.79244 -0.977808
6455 -1.49086 -1.00812
10487 0.177343 -2.71189
18917 0.139332 -2.59987
13059 -1.11694 -0.999037
12465 -1.23489 -0.895195
1813 -1.00454 -1.00236
568 -1.58216 -1.01799
3948 -2.77883 -1.19581
5665 -2.72019 -1.21459
2671 -2.68491 -1.15442
3334 -2.86164 -1.22908
293 -2.15044 -1.06382
16617 -2.65881 -1.17872
2269 -2.74027 -1.18185
3169 -1.09645 -0.975113
1552 -0.463277 -1.21696
1481 -0.493814 -1.28117
22037 -2.12637 -0.95424
5684 -2.16431 -1.00478
7673 -2.08258 -0.958548
7683 -2.26475 -1.01426
4153 0.58884 -4.24545
8677 0.812466 -5.14635
15167 0.626517 -4.3218
14067 0.591327 -4.17589
8668 0.614074 -4.26847
17166 0.610584 -4.29552
8644 0.603294 -4.21402
4288 0.575671 -4.16652
8669 0.620726 -4.31208
464 -2.76529 -1.35436
635 -2.81633 -1.31773
12889 -1.34696 -1.00155
5908 -1.58379 -0.972469
651 -0.531438 -1.19051
2558 -0.70272 -1.15175
1089 -0.591247 -1.12801
2915 -0.528021 -1.19375
16303 -1.51955 -1.01968
16305 -1.49559 -1.10548
15548 -2.7348 -1.30327
15319 -2.62775 -1.2781
5680 -3.97107 -1.41532
2722 -3.17968 -1.27461
29742 0.0716125 -2.59925
6083 0.0684068 -2.55594
193 0.00361022 -1.88432
13496 0.106588 -2.6456
18791 0.127958 -2.58911
1432 0.207604 -2.74966
4071 -0.587147 -1.35402
7457 -0.606805 -1.24866
2529 -0.571949 -1.17345
3397 -1.76831 -0.907558
438 -2.7902 -1.19685
2610 -2.67484 -1.17048
320 0.0272931 -1.73194
662 -0.622406 -1.21457
1657 -0.564172 -1.36709
2262 -0.630082 -1.29832
7107 -2.71265 -1.33213
6786 -2.76661 -1.29437
6153 -1.3871 -0.987013
511 -2.69386 -1.32311
7219 -1.05911 -0.883498
2693 -2.07793 -0.919784
16754 -2.28868 -0.999063
16718 -2.23971 -0.966136
16443 -2.28103 -0.993761
16717 -2.26153 -0.982009
16739 -2.16837 -0.947273
16740 -2.13055 -0.951949
3486 -2.25055 -0.970071
3293 -1.67263 -0.952618
7813 -1.08271 -0.938181
22715 -2.71712 -1.28753
13614 -0.635495 -1.21931
8568 -0.592834 -1.29019
7396 -1.28333 -0.876939
9113 -2.82578 -1.3382
15306 -2.79299 -1.35206
1185 -1.616 -1.02403
4893 -1.08741 -0.928785
6562 -0.601346 -1.28624
18891 0.174661 -2.78242
18873 0.128897 -2.6803
18899 0.175618 -2.88082
14713 0.247717 -2.8855
1997 0.191921 -2.79294
1845 0.163158 -2.25946
5376 -3.90932 -1.46563
5088 -4.04169 -1.4791
5274 -3.77352 -1.33866
20610 -3.88874 -1.37977
18880 -1.06194 -0.671718
12350 -3.71434 -1.35512
22176 -3.49632 -1.34894
4366 -0.989979 -0.911734
4835 -1.01752 -0.859022
16812 0.135688 -2.54339
18854 0.150665 -2.71365
18861 0.145708 -2.6426
18910 0.203134 -2.81037
1970 0.663803 -3.56602
2052 0.523078 -3.1634
358 0.536929 -3.18986
1953 0.00241248 -1.99406
5531 0.566394 -4.03624
5550 0.728857 -5.00687
5586 0.596761 -4.29074
5554 0.592763 -4.39606
5587 0.572116 -4.29669
5557 0.573826 -4.15625
5556 0.487611 -4.11115
1628 0.0801395 -1.82034
18699 0.306336 -2.59399
6782 0.354914 -2.71353
14241 0.412285 -2.86276
17314 -0.108781 -1.54844
22743 -2.80066 -1.32872
8365 -2.7636 -1.32315
14694 -2.65345 -1.28808
15291 -2.69071 -1.26915
5920 -2.84876 -1.32478
8529 -1.44165 -0.965969
22665 -2.7814 -1.30186
1665 -0.490454 -1.21897
24641 -2.19994 -0.976782
21581 -2.22488 -0.990373
7748 -2.18444 -0.978474
1409 -2.19287 -0.983852
1218 -2.03126 -0.934233
588 -3.26273 -1.27504
21857 -3.35497 -1.26702
21832 -3.80101 -1.3923
21833 -3.75223 -1.34418
3788 -0.947219 -0.950635
6822 -1.04611 -0.929707
29736 0.0667007 -2.55023
29732 -0.0147551 -2.29292
15275 -2.73261 -1.30531
1716 -2.70036 -1.27642
8200 -0.597678 -1.24426
6063 -0.591004 -1.27947
16252 1.27072 -6.36189
16202 1.06198 -5.3298
16278 1.20775 -6.03306
16203 1.01048 -5.01298
16277 0.994792 -4.94597
16216 1.00746 -4.97345
16201 1.08448 -5.41754
16250 1.02714 -5.06488
16253 0.980309 -5.01288
16204 0.953252 -4.76165
16251 0.967305 -4.9902
7197 0.191645 -2.89201
18897 0.184466 -2.74788
18902 0.17618 -2.69859
18842 0.218197 -2.75981
1903 0.165637 -2.77338
17428 -1.37342 -0.943514
5478 -1.23989 -1.07876
15262 -2.68488 -1.27012
6677 -1.06091 -0.858286
2516 -0.387398 -1.69279
7050 -0.472005 -1.53472
9556 0.217311 -2.31722
29523 -0.457956 -1.59277
16035 -0.473516 -1.52988
4480 -0.501655 -1.53581
6311 -1.34283 -0.986506
22707 -2.69007 -1.25203
15363 -2.80815 -1.33137
10644 -1.83321 -1.15362
10643 -1.82383 -1.2728
6310 -1.24949 -0.980889
74 -0.48208 -1.16124
9510 0.132657 -2.63813
9154 -4.18512 -1.50885
14835 -4.61507 -1.65026
14841 -4.24561 -1.53045
3216 -3.86559 -1.46364
7080 -3.30015 -1.29945
22709 -2.7303 -1.28291
2613 -2.80667 -1.34118
1485 -2.7195 -1.29595
22754 -2.80694 -1.34993
929 -0.588122 -1.05867
8073 -0.599315 -1.31143
5729 -1.36223 -0.988886
2510 -1.29864 -0.909586
7248 -1.27715 -0.9875
1528 -1.31051 -0.838965
1667 -0.611599 -1.14761
2576 -0.557972 -1.32503
13610 -0.625646 -1.24688
1217 -0.113123 -1.55465
18903 0.207466 -2.80381
23978 -4.66222 -1.61152
23613 -6.00494 -2.15641
22032 -4.59453 -1.66113
23372 -4.4806 -1.58609
12765 -4.47069 -1.56593
23977 -4.65823 -1.63853
21432 -3.97204 -1.43575
23976 -4.59918 -1.64677
23495 -4.5987 -1.66356
20616 -4.08226 -1.47586
11934 -3.34978 -1.29641
18711 -3.27473 -1.26113
343 -1.22171 -0.868885
680 -0.575157 -1.17261
2951 -0.598863 -1.23142
9640 -0.135733 -1.39271
7386 0.406723 -2.99808
19281 0.561963 -3.34926
18233 0.257006 -2.57825
15187 0.253283 -2.59146
16484 0.302029 -2.65736
614 0.469701 -3.17944
7547 0.435517 -3.0783
7523 0.251826 -2.78287
7577 0.268341 -2.81917
7612 -0.0703537 -1.91251
4864 -0.0495219 -1.91245
7627 -0.061057 -1.90257
11526 -0.0403605 -1.87558
1166 0.25306 -2.77974
20754 -0.426653 -1.20538
4063 -1.09452 -0.961254
7145 -2.57658 -1.07498
10186 -3.79482 -1.43659
22194 -3.22764 -1.31205
2753 -3.36412 -1.3516
1607 -3.31957 -1.36883
15792 -3.31619 -1.30644
22554 -3.24417 -1.27623
22693 -2.64824 -1.26805
5428 -2.84421 -1.37106
8374 -2.66098 -1.29671
14074 0.336195 -2.66857
9337 0.360773 -2.68942
1340 -0.716403 -1.24709
645 -2.22466 -1.13422
1759 -1.92607 -1.01986
10672 -2.76731 -1.31173
10881 -2.88494 -1.34698
22729 -2.70184 -1.30126
9260 -1.40519 -0.957543
399 -1.84336 -1.0136
21420 -4.10596 -1.49191
5426 -4.04493 -1.48463
22191 -3.3119 -1.29168
18827 0.178633 -2.70953
4421 0.197333 -2.84252
138 0.191642 -2.44885
29513 -0.501178 -1.57151
493 -1.12528 -0.884798
418 -0.528393 -1.30579
12447 -1.28307 -0.990316
4548 -1.44259 -0.949308
4534 -1.45776 -1.02922
7437 -1.29284 -1.02812
2288 -1.36866 -1.03736
1749 -2.65617 -1.28499
12669 -1.25984 -0.894641
8081 -0.375331 -1.20433
8121 -0.460573 -1.24996
890 -0.411274 -1.16764
8099 -1.36822 -0.866932
2751 -0.657444 -1.2954
13613 -0.623039 -1.23177
10509 -1.44896 -0.977204
6050 -1.01659 -1.00638
6306 -0.935739 -1.05638
22656 -2.64753 -1.31673
22666 -2.63946 -1.23445
18812 0.248205 -2.81121
18784 0.142584 -2.72664
2712 0.162358 -2.61747
1947 -0.00732508 -2.16077
18822 0.226357 -2.83495
6189 0.146363 -2.54318
18798 0.217845 -2.83358
5247 0.199794 -2.70259
18832 0.158161 -2.62977
18817 0.148642 -2.57993
18809 0.268577 -3.07224
18915 0.146836 -2.54905
18887 0.179691 -2.6727
18851 0.180196 -2.74488
870 0.012055 -2.17099
7168 -0.100105 -1.77327
18901 0.126827 -2.53827
2045 -0.723342 -1.14723
550 -1.17103 -0.986295
2648 -1.04605 -0.919363
4899 -1.06535 -0.905611
3442 -1.55542 -0.867607
2040 -1.09493 -0.89167
4883 -1.06958 -0.940956
1063 -1.03166 -0.930073
502 -1.06251 -0.921117
15231 -2.59536 -1.23332
7834 -2.65993 -1.29147
5167 -2.74286 -1.31271
22684 -2.73698 -1.30746
73 -0.573458 -1.15573
4896 -1.10001 -0.904208
1112 0.348865 -2.94354
15629 -4.08892 -1.50349
27126 -1.89299 -0.970034
8104 -2.01058 -1.01297
4894 -1.01342 -0.929923
15282 -2.6695 -1.30751
22671 -2.60823 -1.26961
7591 0.22581 -2.71707
17817 0.246066 -2.8402
1097 0.0491446 -2.186
3222 -0.465788 -1.25532
3697 -1.99441 -1.02512
3616 -1.73987 -0.946739
3617 -1.75433 -0.896313
2692 -1.81697 -0.924365
7654 -1.8812 -0.972125
1314 -1.04864 -0.944305
12020 -0.796453 -1.06928
687 -1.12692 -1.00455
8286 -1.50384 -0.938309
8120 -1.39849 -0.900504
1032 -0.226913 -1.54518
776 -0.986721 -0.925087
348 -1.09811 -0.963426
4251 -1.07022 -0.940679
24591 -0.801289 -1.03555
24488 -0.815051 -0.935231
10379 -0.852038 -0.939051
4535 -1.09417 -0.935481
3286 -0.990753 -0.910865
1077 -0.2377 -1.49377
91 -0.545347 -1.18709
215 -0.923788 -0.969649
1310 -1.77999 -0.96682
462 -0.626937 -1.13306
10502 -0.930073 -0.687851
1355 -0.129772 -1.75986
22313 -3.20923 -1.31274
22561 -3.29453 -1.32838
22726 -2.59507 -1.25289
7808 -2.84178 -1.34476
3733 -1.98039 -0.966705
3734 -2.05632 -0.995768
22746 -2.80243 -1.29852
15355 -2.76174 -1.32774
19347 -2.8325 -1.32989
3448 -2.78717 -1.29084
15188 -2.84225 -1.34017
22673 -2.67578 -1.31069
15361 -2.73428 -1.29777
7456 -0.530635 -1.28581
744 -0.570047 -1.21705
883 -0.580328 -1.17939
24251 0.518964 -3.04527
24329 0.365716 -2.4853
2154 1.06568 -5.16261
200 1.07996 -5.15163
5128 -3.21178 -1.31107
23364 -4.83917 -1.70501
5469 -4.46953 -1.57688
5194 -2.95135 -1.13403
10845 -4.57372 -1.61793
23076 -4.49891 -1.61853
23660 -4.54416 -1.60478
22013 -3.13132 -1.28248
11082 -0.984012 -0.969901
11077 -1.08133 -0.889659
7047 -2.71669 -1.31334
507 -2.78179 -1.3075
22751 -2.75893 -1.34449
9580 0.377518 -2.85037
12325 0.382145 -2.79151
18831 0.21133 -2.69015
18879 0.262809 -2.83323
342 -0.063187 -1.60035
4206 -0.670423 -0.950496
543 0.446873 -2.91971
15054 0.650782 -3.70049
536 -0.0480343 -1.91679
23246 -0.884373 -0.998333
23223 -0.920848 -1.06583
23224 -0.882541 -1.04889
13025 -0.983226 -0.854688
5996 -0.64541 -1.23402
13601 -0.617868 -1.28773
357 -0.589903 -1.29109
723 -0.392561 -1.31275
17025 -0.395908 -1.40444
1312 -0.292163 -1.42123
35072 -0.312313 -1.39438
1315 -1.82944 -1.03303
2599 -1.86931 -1.03835
5849 -1.07788 -0.78734
3547 -1.15386 -1.02845
10360 -1.21199 -1.01061
1080 -1.25496 -1.00748
10694 -1.31164 -1.0015
6303 0.404523 -4.13395
32988 0.318589 -5.04582
9015 0.374716 -4.20133
29803 0.361887 -4.03581
29805 0.419922 -4.27597
8990 0.368005 -4.30752
35813 -3.6404 -1.35788
21922 -3.76304 -1.43459
35812 -3.89472 -1.44107
21412 -3.45094 -1.34686
8963 -3.3516 -1.35262
22559 -3.19855 -1.28837
5833 -2.28356 -1.05685
22181 -3.26446 -1.30965
13202 -4.09912 -1.47049
22028 -3.84354 -1.40999
22560 -3.21249 -1.31755
21422 -3.34733 -1.3441
28942 1.02264 -5.06567
26011 1.11265 -5.54167
26023 1.00442 -4.94388
26034 0.978919 -4.85419
26072 1.11416 -5.49506
696 1.01614 -4.86859
26036 0.968248 -4.77645
11488 -1.50844 -0.925118
1439 -2.35588 -1.03511
4752 -3.20892 -1.25902
2759 -3.28669 -1.2772
18645 -3.85135 -1.40842
4185 -0.742008 -1.21346
5359 -3.23989 -1.25317
6557 -3.13161 -1.25194
23285 -3.83536 -1.38704
20608 -3.8639 -1.39472
18783 0.18124 -2.78055
54 0.00964616 -2.17939
824 -0.136049 -1.72868
21490 -1.36251 -0.899267
22641 -2.76193 -1.30778
33350 -3.95615 -1.59405
33351 -3.75251 -1.45795
33349 -3.74173 -1.47004
22724 -2.85882 -1.3864
1781 -0.923834 -0.91177
958 -0.968941 -0.876378
6874 -0.258859 -1.1625
16000 -2.79551 -1.373
22661 -2.82643 -1.38915
10631 -1.56596 -0.97354
22655 -2.75314 -1.28162
22738 -2.7038 -1.31316
8359 -2.76966 -1.31805
4529 -1.24649 -0.927439
4145 -1.362 -0.926381
2524 -0.567107 -1.47956
11531 -0.469526 -1.57015
29526 -0.491517 -1.49078
4139 -0.449892 -1.53562
2430 -1.64794 -0.862723
84 -0.525273 -1.21502
1300 -0.117283 -1.91022
1404 0.0348906 -2.01025
3143 -0.00909712 -2.03265
15036 -0.000940182 -2.00004
731 -0.0722704 -1.86247
751 0.0138329 -1.99541
3205 -0.0606379 -1.92536
7099 -0.610654 -1.2322
1253 -1.06357 -0.883391
760 -0.00166759 -1.9792
11713 -0.0368633 -2.00153
15068 0.677961 -3.95616
14957 0.277655 -2.47817
1236 0.397328 -2.93005
14960 0.437 -2.9385
322 0.124765 -2.13372
8206 -0.364268 -1.39377
22558 -3.19149 -1.261
5294 -3.30591 -1.31124
7443 -0.748795 -1.28482
1038 -0.756179 -1.16915
22357 -0.933266 -1.09338
533 -0.988083 -1.23718
17825 -0.388531 -1.16303
1394 -0.560077 -1.12939
24536 -0.584447 -1.09721
6357 -0.601145 -1.15063
10405 -0.534766 -1.09473
607 -1.03168 -0.872515
14245 -1.64022 -0.919058
14141 -1.61106 -0.876987
741 -1.66305 -0.906749
14279 -1.76348 -0.900011
22662 -2.74526 -1.28015
1103 -2.8611 -1.39997
10988 0.488026 -3.06126
10987 0.505054 -2.96512
925 0.524963 -2.98688
945 0.527544 -3.03495
9768 0.55402 -3.18328
2916 0.521451 -3.12155
16015 0.470609 -2.9128
30779 -2.36541 -1.06312
10860 -3.88658 -1.46915
20752 -3.74914 -1.42332
23856 -3.71581 -1.40775
7310 -3.72196 -1.39116
13263 -3.87639 -1.41102
4008 -3.94252 -1.46317
4349 -0.718631 -1.27182
3147 -1.86608 -1.06357
1771 -0.588934 -1.20437
147 -0.121249 -1.77811
5799 -1.87567 -1.04455
22721 -2.7184 -1.32948
22691 -2.72401 -1.33008
22659 -2.6643 -1.29494
15607 -2.76522 -1.31332
391 -1.5031 -1.05013
4881 -0.991304 -0.908215
22657 -2.68391 -1.2937
1331 -1.61471 -1.06626
1327 -1.68218 -1.07414
1309 -1.58903 -1.03543
446 -1.64407 -1.06983
16304 -1.56777 -1.03157
8335 -3.29933 -1.32057
171 -2.8184 -1.14611
2964 -2.61292 -1.12969
173 -2.63215 -1.07244
822 -3.95322 -1.41743
8072 -0.501651 -1.42805
33144 -0.440112 -1.77467
31369 -0.388751 -1.7787
23459 -0.540825 -0.688139
23460 -0.483923 -0.836396
20298 -4.55033 -1.61591
6998 -4.50196 -1.58901
6869 -0.316825 -1.17344
1768 0.249384 -2.28342
11581 0.22592 -2.34181
5042 0.122465 -1.77553
90 0.0998962 -2.25213
11512 0.164847 -2.27243
11583 0.161975 -2.31855
951 -0.461091 -1.57171
19483 -0.488012 -1.48007
28082 -0.544433 -1.47797
7993 -3.99787 -1.45618
3200 -3.55515 -1.32133
15603 -2.19485 -0.993758
228 -0.62781 -1.22977
13060 -1.40197 -0.931818
8393 -1.43701 -0.962694
6809 -1.15501 -0.936731
75 -0.646927 -1.11469
1555 -1.10789 -0.959536
26093 -1.02759 -1.75966
1332 -0.738012 -1.25841
7526 0.269195 -2.86539
4151 -0.757104 -1.28178
4238 -0.712323 -1.24328
14836 -3.23917 -1.29678
22336 -3.24808 -1.28556
948 -0.983474 -0.928858
5144 -0.47593 -1.50016
22014 -3.98921 -1.44
13205 -3.74463 -1.37589
20818 -3.19437 -1.26349
20830 -3.06603 -1.26864
23409 -3.78037 -1.35389
21404 -3.8468 -1.39291
23345 -4.27666 -1.51367
23379 -4.05447 -1.45189
23387 -3.97546 -1.43645
21742 -3.37976 -1.28436
10862 -3.74145 -1.42692
22019 -3.75557 -1.37381
23430 -3.81916 -1.42258
34825 0.481097 -4.04907
34830 0.632802 -4.91547
34828 0.531808 -4.02841
25466 0.527018 -4.05216
34827 0.482958 -4.09737
34829 0.511121 -4.04145
34826 0.530437 -4.16469
34817 0.504054 -4.07606
3915 -2.69939 -1.3033
8571 -0.610992 -1.27552
6180 -0.407403 -1.18209
308 -0.595834 -1.02323
3218 -3.21119 -1.25794
1026 0.189606 -2.45267
14594 -3.27146 -1.27344
10353 -3.16798 -1.23659
14193 -3.40612 -1.31545
11968 -3.13733 -1.24607
20825 -3.24095 -1.27999
7730 -4.12033 -1.5099
5494 -3.2909 -1.31761
22335 -3.21545 -1.28903
11012 0.507726 -3.06517
10738 -0.332401 -1.32802
2669 -1.54599 -0.970188
6528 -1.09342 -0.789955
6018 -1.10052 -0.827967
6831 -0.323602 -1.43567
18437 -0.322561 -1.51495
17268 -0.318833 -1.39989
4075 -0.308586 -1.50383
3944 0.893025 -4.87525
27265 0.938294 -5.37965
3666 0.852943 -4.79604
7019 -2.62413 -1.08193
6940 -2.93255 -1.14474
4503 -0.499303 -1.28861
1320 -1.06286 -0.92183
10695 -1.24554 -1.01903
23102 -1.23622 -1.00629
7129 -3.20315 -1.27503
12560 -1.28233 -0.953766
12562 -1.34356 -0.944164
28023 -1.18365 -0.839207
23720 -4.01043 -1.44788
23718 -4.07208 -1.47379
23721 -3.87488 -1.3813
13405 -3.22528 -1.23325
14342 -1.71449 -0.934473
34433 -1.75318 -0.907098
34432 -1.67358 -0.893909
14304 -0.593388 -1.1439
14221 -0.58546 -1.10324
600 -0.631904 -1.08851
4306 -1.22845 -0.952212
6810 -1.16926 -0.916768
3404 -1.22142 -0.917266
13220 0.382224 -2.87895
14959 0.433648 -3.15162
14958 0.393204 -2.84047
7551 0.210387 -2.62778
7554 0.279577 -2.87547
16085 0.248296 -2.81669
2674 0.500307 -4.01402
26219 0.652921 -4.84302
16680 0.45714 -3.85025
16141 0.514462 -4.07346
16105 0.495927 -3.94984
16103 0.504604 -4.04638
16416 0.506979 -4.10812
2494 0.638033 -3.79526
29200 0.644897 -3.88567
9917 0.67909 -3.93661
869 0.175025 -2.17392
4842 0.497573 -3.34731
4847 0.384017 -2.77287
18746 0.37365 -2.81277
2080 0.625093 -3.40115
2348 0.811463 -4.28095
1961 0.670101 -3.56947
1933 0.337898 -2.76604
8047 -4.56162 -1.58378
8042 -4.40117 -1.52219
4747 -5.13428 -1.77344
8055 -4.27794 -1.48771
7927 0.132205 -2.58597
18858 0.176419 -2.67873
1490 -2.74021 -1.35135
15366 -2.59786 -1.2655
21821 -3.2818 -1.27338
18824 0.141262 -2.68932
1914 0.170131 -2.70701
4374 -1.35734 -0.946537
711 -0.210215 -1.70259
13602 -0.587032 -1.31761
27540 -0.20948 -1.39765
18725 0.226511 -2.54743
1464 -2.84349 -1.3195
29534 -0.472302 -1.53168
22329 -3.05767 -1.25535
2970 -3.99941 -1.46257
22552 -3.29991 -1.30031
20816 -3.27964 -1.3128
22739 -2.82725 -1.33734
5754 -2.74684 -1.3057
18830 0.174691 -2.67482
18907 0.207796 -2.79316
18781 0.168788 -2.71155
18786 0.119258 -2.66786
1737 0.100482 -2.15751
1760 0.174732 -2.25325
6023 -0.594277 -1.20194
13153 -1.2479 -0.991672
295 0.0983178 -1.85455
3036 0.439555 -3.36937
14870 0.441599 -3.3062
8683 0.468061 -3.45404
13621 -0.556262 -1.30198
22716 -2.6062 -1.27663
22653 -2.83713 -1.32145
15591 -2.78346 -1.33977
14869 0.438483 -3.21419
4209 0.472308 -3.36452
6866 0.455611 -3.26294
884 0.439407 -3.33501
14220 -0.599231 -1.10364
4426 -3.3983 -1.34333
2937 -1.43755 -1.01081
92 -0.567624 -1.3233
11702 -0.553785 -1.37567
4995 -0.629154 -1.30503
18790 0.0931638 -2.55748
1546 -0.0975261 -1.79533
8758 -0.51581 -1.27184
379 -1.16872 -1.01821
2591 -1.15936 -0.991616
4885 -0.97579 -0.927067
14053 -0.301494 -1.44786
758 -0.306806 -1.41182
7491 -0.519615 -1.15116
2934 -0.588069 -1.15008
6085 -0.639231 -1.25397
1593 -0.565763 -1.16632
7013 -2.69199 -1.28908
19987 -4.04803 -1.50869
5390 -2.71229 -1.3213
22705 -2.59595 -1.29451
1814 0.135754 -2.45951
17921 -3.18543 -1.24809
31343 0.910566 -5.23549
31342 0.920797 -5.26007
4892 -1.15092 -0.953868
15241 -2.75915 -1.3311
4190 -1.22799 -0.944075
783 -0.624221 -1.20012
5413 -3.22403 -1.23594
22646 -2.74685 -1.35145
1883 -0.418928 -1.6014
4432 0.124346 -1.74304
11233 -1.81564 -0.932589
18643 -0.462844 -1.21075
34434 -1.72603 -0.910477
18712 -3.26337 -1.25904
13432 -3.08863 -1.21543
4440 -3.53735 -1.4093
556 -0.52177 -1.23546
1205 -0.929777 -1.00996
778 -2.61337 -1.27044
22706 -2.6594 -1.28232
15672 -2.72884 -1.31911
19030 0.870284 -4.3593
4376 0.136618 -2.26117
4113 0.119185 -1.88575
19329 0.102831 -1.85282
169 -0.443425 -1.63626
29518 -0.55561 -1.51369
29514 -0.487024 -1.5333
29530 -0.528911 -1.5401
15469 -3.77908 -1.40553
32612 -4.37039 -1.65856
32132 -4.4492 -1.67501
31587 -4.4132 -1.66345
32239 -4.34595 -1.66977
22637 -2.7114 -1.29797
5372 -2.99144 -1.22004
29262 0.690684 -4.01634
2503 0.556051 -3.55714
19578 0.532959 -4.34834
3914 -1.21438 -0.904251
3475 -1.13391 -0.924486
3240 -1.29755 -0.917022
3104 -1.77284 -0.956439
12744 -1.45846 -0.973069
12116 -1.38916 -0.974012
12664 -1.45572 -1.00275
22741 -2.84391 -1.36562
15457 -2.67888 -1.30047
22321 -3.16461 -1.24842
25071 -4.37789 -1.518
5203 -4.02641 -1.47021
5256 -3.39651 -1.33639
5403 -3.24825 -1.29253
5315 -3.25741 -1.29061
6397 -0.604678 -1.34219
23717 -3.92345 -1.40591
20822 -3.88048 -1.40924
2630 -3.56762 -1.4189
26420 -3.55462 -1.351
26410 -3.44959 -1.35315
2605 -2.81436 -1.2395
26397 -3.51089 -1.36292
2279 -2.66668 -1.17497
2160 -2.97453 -1.24707
14867 0.419375 -3.17452
11053 0.443964 -3.30902
14864 0.491541 -3.3962
10973 0.397322 -3.34239
9901 0.459096 -3.37079
13572 0.429806 -3.25253
14871 0.463372 -3.31037
4599 0.439839 -3.28759
10972 0.461756 -3.3734
14866 0.444337 -3.24437
14868 0.481467 -3.36673
9910 0.44113 -3.24495
1363 0.41733 -3.24564
145 0.462362 -3.41703
1208 -0.972494 -0.789347
4124 -1.8469 -0.946218
10393 -1.7742 -0.918944
22549 -3.2495 -1.29264
3263 -3.25764 -1.29526
18803 0.167389 -2.71219
246 0.157363 -2.65141
1629 -1.91557 -0.962552
27127 -1.94519 -0.962509
7655 -1.84536 -0.946092
16759 -2.25498 -1.00199
16753 -2.30566 -1.02081
3488 -2.26249 -0.982875
3679 -2.3817 -1.03506
13425 -3.19389 -1.25042
13423 -3.20959 -1.26102
11015 -3.20829 -1.23303
12475 -1.40342 -0.958104
12477 -1.3729 -0.886378
12476 -1.40622 -0.910674
22908 -4.40995 -1.53959
21426 -3.21205 -1.31175
22290 -3.38003 -1.33911
12444 -1.41842 -0.973398
15550 -2.72222 -1.32291
19835 -4.37021 -1.51412
23370 -3.91314 -1.42051
5410 -3.72873 -1.3801
2754 -3.95309 -1.38064
13028 -3.95264 -1.40867
8392 -3.18064 -1.27279
8031 -4.86723 -1.71104
20333 -4.89934 -1.71344
20245 -4.89153 -1.74102
3166 -1.22015 -0.900065
4364 -1.01769 -0.901705
584 -1.61982 -1.12258
3508 -1.65406 -1.11075
3786 -1.52866 -1.02198
1216 -0.55966 -1.19766
1148 -0.514729 -1.34808
3021 -0.608598 -1.13123
12133 -0.485886 -1.54367
4143 -0.568596 -1.50501
29529 -0.463603 -1.54303
9605 -0.519099 -1.46278
2856 0.191433 -2.73085
1478 -0.815556 -1.00233
1034 -0.801513 -0.991888
745 -0.86912 -0.9967
4684 -0.775658 -0.966378
5710 -0.765454 -1.02963
13906 -0.558353 -1.21798
3174 -0.721201 -0.917283
13597 -0.559538 -1.30223
2967 -2.71555 -1.11777
2965 -2.71072 -1.12877
18918 0.200016 -2.86014
18839 0.148707 -2.6752
18815 0.160356 -2.70812
18877 0.163804 -2.68275
4451 0.148399 -2.70753
1158 0.520817 -3.20777
2918 0.35987 -2.75951
24256 0.367763 -2.55559
22407 -0.540979 -1.56011
29536 -0.410955 -1.61746
549 -0.957871 -0.946287
101 0.124305 -2.59007
18825 0.174262 -2.75257
6272 -0.57077 -1.12935
16302 -1.57364 -1.04986
22318 -3.13414 -1.2553
22555 -3.34369 -1.34035
4736 -3.36965 -1.33069
9316 -3.27646 -1.34194
5491 -3.34516 -1.34291
22869 0.611902 -4.17936
28107 0.830849 -5.13722
28109 0.644211 -4.21638
28108 0.63051 -4.17141
28111 0.635423 -4.22142
28110 0.640222 -4.1217
28106 0.595912 -4.13399
28112 0.580924 -4.21763
7514 -0.458904 -1.5015
9386 -0.517925 -1.53321
12893 -2.7216 -1.30977
3171 -2.94676 -1.39092
3219 -1.39844 -1.01008
10646 -0.784401 -1.07333
350 -0.510809 -1.48437
19485 -0.466307 -1.54387
19484 -0.517252 -1.61337
885 -0.91612 -1.10755
6834 -0.455884 -1.25621
7841 -0.558316 -1.00874
13603 -0.593565 -1.30448
1252 -0.657984 -1.25923
3110 -1.43224 -1.01781
1154 -0.328515 -1.32444
29800 -0.309691 -1.35726
5067 -2.72228 -1.33467
4540 -2.67395 -1.34882
7661 -2.72059 -1.29814
14838 -4.09334 -1.48561
13967 -4.12957 -1.46821
22463 -4.07799 -1.47177
1584 -4.03548 -1.52619
20624 -3.3964 -1.33258
8160 0.466004 -3.31779
14865 0.450923 -3.42747
151 0.410306 -3.2535
3066 0.456926 -3.43376
3027 0.0734693 -1.85428
8180 -0.631749 -0.999945
28926 1.01003 -4.94758
19018 1.09411 -5.42697
26007 0.984033 -4.82581
26065 1.00262 -4.92592
28941 1.02098 -5.0161
20623 -3.41438 -1.38364
5313 -2.67551 -1.29087
6803 -1.04288 -0.913893
26280 0.310692 -4.96895
26281 0.325424 -4.50901
26282 0.364754 -4.51585
6868 0.465857 -3.32107
754 -0.620935 -1.26096
2570 -0.614886 -1.25664
6385 -1.32521 -1.00432
20257 -4.90404 -1.71317
688 -3.2954 -1.30667
22177 -3.22788 -1.32245
5406 -4.26343 -1.50674
22299 -4.54171 -1.60459
8400 -2.92012 -1.37835
7775 -1.50037 -0.873807
18622 -2.17867 -0.991148
2690 -3.38158 -1.34881
5218 -3.31109 -1.3013
22562 -3.21529 -1.27467
4381 -0.432197 -1.25597
3316 -0.592442 -1.2946
2526 -0.53404 -1.33525
1843 -0.627724 -1.20939
18799 0.156826 -2.77449
5157 -0.122671 -1.70346
18697 -3.93908 -1.44286
21405 -3.15683 -1.25891
3565 -2.98345 -1.22525
22324 -3.26943 -1.29722
3310 -3.27002 -1.31788
5226 -3.22117 -1.30122
4543 -1.39418 -0.932003
206 -1.35833 -1.01793
7786 -1.23537 -0.986684
1902 -0.60091 -1.15147
15944 -0.829814 -1.10739
6009 -0.457671 -1.14501
17488 -0.300293 -1.54301
17487 -0.319536 -1.43098
12647 -0.455229 -1.50834
2117 -0.0946996 -2.07471
2909 0.131279 -2.62213
3246 -2.24901 -1.00456
2622 -1.50254 -0.799745
23722 -3.98698 -1.44059
1361 -2.34964 -1.03447
3597 -3.27934 -1.28495
4223 -0.595313 -1.17963
19266 0.396275 -2.81895
178 0.383934 -2.88495
18743 0.482898 -3.0646
4718 0.333695 -2.65072
2062 0.384317 -2.817
19193 0.428613 -2.99199
18752 0.4103 -2.85123
18848 0.208544 -2.73955
18833 0.197891 -2.87114
18900 0.168909 -2.76024
3319 -0.677679 -1.24422
17903 -0.672582 -1.20456
29520 -0.516886 -1.5522
4947 -0.620327 -1.27706
16803 -0.809832 -0.952987
6825 -0.672864 -1.26654
6100 -0.675492 -1.16971
7095 -0.646456 -1.29664
10716 0.123325 -2.53906
5338 -3.26732 -1.25434
18914 0.137592 -2.69644
1836 0.140921 -2.64017
18888 0.22834 -2.74714
3187 -0.648053 -1.14293
4284 -0.589346 -1.2938
9799 0.521865 -3.09234
18893 0.105129 -2.52478
18870 0.154778 -2.64932
18865 0.152145 -2.73269
18890 0.213986 -2.83125
18866 0.197275 -2.89583
18843 0.177476 -2.7127
22725 -2.83714 -1.35003
18804 0.180325 -2.74934
18881 0.167343 -2.64239
1971 0.188004 -2.73208
918 -0.61787 -1.18139
7550 0.258076 -2.75366
1055 -1.8778 -1.03489
22642 -2.76931 -1.33642
6027 -0.983519 -0.983871
1196 -0.527094 -1.24267
12589 -0.515632 -1.48325
691 -0.542767 -1.14108
19691 0.0285853 -1.89714
19690 0.179653 -2.13936
2528 -0.5379 -1.47148
1088 -1.3219 -0.938311
934 -1.07642 -0.858999
7341 -0.960691 -0.873986
8652 -0.637043 -1.23038
13163 -0.617266 -1.27919
8756 0.171284 -2.71718
114 0.536265 -3.40265
2462 0.770757 -4.60719
2465 0.714843 -4.10982
18855 0.148297 -2.77896
18876 0.141543 -2.45432
2981 0.121518 -2.66177
2350 0.151671 -2.80957
18828 0.159407 -2.88541
23505 -4.77278 -1.68399
23485 -4.22039 -1.54042
5020 -4.15762 -1.51048
11288 -0.0244082 -2.31986
2583 -2.76826 -1.21526
24459 0.74304 -3.92432
27617 0.547141 -4.12536
27618 0.602295 -4.45794
13746 0.560949 -4.07536
820 -0.525709 -1.51374
589 -1.10145 -0.914793
2049 0.523122 -3.22605
4827 0.419183 -2.95132
7388 0.544773 -3.33053
1873 0.16314 -2.34304
2652 -1.8541 -0.936113
6365 -1.40027 -0.990027
907 -2.82465 -1.33825
4471 0.0278146 -1.94406
449 -0.565632 -1.0879
24366 0.415011 -3.26452
1099 0.464929 -3.40182
1621 -0.0115312 -2.0478
7527 -0.0383982 -1.99369
3966 -2.22046 -0.96773
26393 -2.27855 -1.05053
16728 -2.28649 -0.990026
10803 -0.415609 -1.37977
487 -0.662454 -1.30149
6033 -2.66319 -1.29431
15597 -2.77833 -1.37094
21468 0.0976682 -1.91776
4890 -1.00124 -0.927508
1017 -2.77238 -1.22076
16138 -2.5348 -1.13387
13709 -3.24993 -1.30416
30546 -1.78558 -0.962213
30547 -1.63391 -0.952363
19214 0.462499 -3.08211
319 0.115722 -1.94057
22008 0.67773 -3.89788
17167 -0.319786 -1.47488
7226 -0.529483 -1.49152
11041 -1.4479 -0.906217
16968 -0.521185 -1.18969
2794 -0.774955 -0.986506
24804 -5.04306 -1.76381
20237 -4.87358 -1.70299
18644 -0.399524 -1.23263
2571 -1.49413 -0.821715
555 -1.4234 -0.932568
13189 -1.49407 -0.890725
2940 0.18993 -2.34454
2495 0.182499 -2.93255
4393 0.168963 -2.72609
18814 0.194493 -2.70033
18780 0.180415 -2.76939
508 -2.66764 -1.34647
6292 -0.641185 -1.20148
4642 -0.640247 -1.23351
22675 -2.80595 -1.35192
7687 -2.81897 -1.33066
22660 -2.81633 -1.34015
46 0.186628 -2.84808
19918 0.398332 -2.72402
15421 -2.74717 -1.29183
17113 0.376456 -3.1599
21415 -3.31439 -1.34916
33877 0.462307 -3.82505
33880 0.526847 -4.50775
33882 0.497708 -4.1152
33881 0.474971 -3.90774
162 0.211425 -2.84426
6758 -1.91068 -1.00387
7982 -4.19416 -1.47349
23773 -4.45571 -1.55516
5195 -4.53159 -1.57047
23774 -4.29733 -1.51594
16562 -4.39189 -1.58588
5285 -3.05637 -1.20394
12274 -1.38959 -1.06381
13092 -0.519071 -1.54215
19129 0.714243 -3.96222
19131 0.766641 -4.3265
19130 0.716474 -3.84995
19125 0.727984 -3.94675
19132 0.784499 -4.15604
950 0.799978 -4.37743
19124 0.767042 -4.20439
19123 0.795376 -4.09946
17310 0.665863 -3.70727
17311 0.764085 -4.01224
1072 0.668128 -3.62876
19126 0.894027 -5.09902
30460 0.752381 -4.18246
30442 0.828064 -4.38521
18800 0.148631 -2.71478
18837 0.114155 -2.48453
1153 -0.535345 -1.23561
668 -0.532637 -1.22914
21424 -3.21485 -1.27018
22546 -3.284 -1.34646
29016 0.235825 -2.64831
6957 -3.18577 -1.28302
2561 -0.459495 -1.23846
515 -0.524194 -1.17564
1096 -0.0393579 -1.91783
2737 0.32455 -2.6103
12721 -1.17966 -0.891454
1104 -0.578135 -1.17582
5737 -3.19618 -1.27367
5050 1.12688 -5.16153
11736 1.12013 -5.17568
15344 -2.69585 -1.27558
867 -0.0224509 -1.76964
22697 -2.70372 -1.30439
2782 -1.64023 -0.953204
22689 -2.805 -1.34477
13227 -0.308398 -1.34189
21580 -2.104 -0.97115
762 -0.357637 -1.30829
13187 -1.44128 -0.901969
29741 -0.0233105 -2.3145
29740 0.0488509 -2.50324
29737 0.022477 -2.39323
28075 0.602203 -4.03911
28074 0.748317 -4.91188
27721 0.620963 -4.12498
28076 0.619995 -4.0994
27809 0.611265 -4.11652
27810 0.628343 -4.26731
27817 0.579548 -4.08534
33499 0.867004 -4.37423
5022 0.812402 -4.385
19827 0.699902 -3.83531
4549 -1.88582 -0.980805
4741 -3.28742 -1.3101
25642 0.240285 -2.58092
13750 -0.705778 -1.23939
19169 0.519771 -3.28615
19168 0.45222 -3.22315
17309 0.695026 -3.72104
28410 0.333676 -2.92101
28258 0.357687 -3.04154
3129 1.0558 -5.06064
20470 1.16684 -5.6928
2720 1.12382 -5.61036
20472 1.0649 -5.26217
10281 1.00228 -4.65278
21184 0.981702 -4.641
5033 0.995201 -4.63147
2718 0.857913 -4.14437
21221 0.852397 -4.11754
24812 0.951414 -4.46
13685 1.01935 -4.88771
1436 1.06159 -4.89306
402 -0.466082 -1.44013
422 -0.400305 -1.24926
149 -0.397342 -1.29572
2560 -0.504999 -1.53482
482 -1.25974 -0.916664
1889 0.181811 -2.70956
393 -3.32405 -1.35356
1775 -3.1197 -1.26318
1051 0.298532 -2.75431
3043 0.306434 -2.60228
3016 0.304356 -2.76739
29538 -0.555549 -1.54639
11927 -0.359132 -1.39807
6452 -0.802272 -1.12087
252 -0.498417 -1.21302
2679 -2.83646 -1.35007
7991 -4.79753 -1.64362
20244 -4.94358 -1.74186
13569 -3.24446 -1.26917
14512 -1.6425 -0.86808
14511 -1.57645 -0.877761
5398 -3.22478 -1.28258
24752 0.632762 -3.91853
267 -1.74764 -0.991789
22700 -2.73215 -1.29637
579 -2.84742 -1.28561
2651 -2.74428 -1.33503
29528 -0.41596 -1.58877
2211 -3.44087 -1.33571
10869 -2.71038 -1.33095
2632 -2.71001 -1.27997
12270 -1.32724 -0.98606
12896 -1.37719 -1.00938
7717 -2.89556 -1.36714
4125 -1.90821 -1.03019
28930 1.04468 -5.136
26038 0.986657 -4.89133
26047 0.994178 -4.882
26054 1.04351 -5.0133
4239 -1.32951 -0.945838
4528 -1.29884 -0.882373
4886 -1.11189 -0.958267
8726 -0.683437 -1.2415
18796 0.155341 -2.77271
18802 0.164341 -2.69859
574 -0.773064 -0.967554
2568 -1.77201 -1.01271
5459 -3.15125 -1.23576
87 -2.86233 -1.20559
10161 -4.25237 -1.62359
523 -2.78932 -1.32842
21485 -4.03103 -1.4486
31511 -4.39492 -1.66996
32398 -4.40764 -1.67568
15498 0.576918 -3.96469
33389 0.748543 -4.7881
33386 0.579542 -4.14988
33390 0.61603 -4.19083
33385 0.541722 -4.08834
33388 0.554236 -3.94151
2966 -2.58994 -1.06671
16533 0.537214 -4.15651
35261 0.638343 -4.8777
20634 0.521258 -4.16685
16534 0.502549 -4.16273
20633 0.515043 -4.07787
3176 -1.9115 -0.987141
20460 0.393321 -3.69355
20458 0.508023 -4.09896
20459 0.345992 -3.48032
20457 0.395358 -3.47323
18841 0.16865 -2.67613
7700 -2.8216 -1.31754
12952 -2.26111 -1.00129
3111 -1.20714 -1.08942
2662 -1.61063 -0.88151
3107 -1.78971 -1.00384
25839 -4.12835 -1.42905
5496 -4.16767 -1.46281
23520 -4.33593 -1.49615
16550 -0.368388 -1.27442
2792 -0.751106 -1.01474
1652 -0.680169 -1.12928
11941 -0.370952 -1.423
29525 -0.545426 -1.4636
587 -2.33233 -1.01122
22736 -2.68663 -1.3197
18823 0.168842 -2.56746
22680 -2.85484 -1.36682
33673 0.818118 -4.16407
20764 0.78263 -4.16981
13635 0.707156 -3.71306
546 -0.0290898 -2.03802
6896 -2.73337 -1.33452
22668 -2.71954 -1.31817
5881 -2.77025 -1.31818
21666 -2.68906 -1.3026
4368 -0.500382 -1.26621
18849 0.184414 -2.65182
18916 0.208998 -2.73993
9883 -0.63211 -1.28881
5260 -3.84096 -1.41154
23478 -4.64466 -1.61928
22723 -2.82518 -1.35117
15234 -2.6314 -1.24936
5695 -0.0432217 -1.97079
15109 0.724225 -3.94501
18913 0.167106 -2.71198
1487 -0.666062 -1.28865
425 -0.579643 -1.14214
16615 -0.382358 -1.28326
271 -0.480263 -1.48124
19681 0.180714 -2.16836
2115 -0.119297 -1.76721
23245 -0.953158 -0.959
18852 0.173952 -2.77382
1541 -0.642859 -1.0089
13612 -0.625153 -1.25605
20378 0.538683 -3.89873
23665 0.654545 -4.68607
10827 0.548174 -3.90769
23663 0.53036 -3.94025
23664 0.550985 -3.97084
14039 0.575011 -4.10279
33781 0.482099 -4.03911
33780 0.592961 -4.79501
25911 0.483583 -4.04482
26990 0.466683 -4.00647
33802 0.49392 -4.11755
30502 0.633468 -4.66676
18493 0.462504 -4.07985
30501 0.473668 -4.05487
25932 0.50829 -4.06871
30503 0.542005 -3.96197
5316 -3.23227 -1.24916
739 -1.42783 -0.918069
853 -0.598076 -1.14164
23021 -3.97647 -1.43712
5681 -2.11223 -0.953882
4128 -1.44905 -1.04103
7607 -1.81517 -1.01016
4723 -3.82901 -1.37522
30770 -1.81125 -0.996768
5875 -0.526667 -1.25694
689 0.0341225 -2.098
28246 0.400908 -3.06509
11882 1.02268 -5.55885
1569 1.01344 -5.64745
4262 0.987554 -5.57764
14792 0.910216 -4.92567
11826 0.953841 -5.12498
2860 0.134974 -2.65869
13228 -0.301289 -1.3193
488 -0.579131 -1.18224
1239 -0.0395049 -1.95959
636 -2.69306 -1.30156
5130 -4.3981 -1.55997
2697 -1.81554 -1.02928
940 0.365144 -2.82937
14155 1.03458 -5.15213
34446 1.03485 -5.04056
12881 -1.31942 -0.941748
9346 0.429111 -3.33271
4049 -1.30832 -0.999544
14586 0.386192 -3.75999
14587 0.476519 -4.37591
11926 0.374898 -3.70406
920 0.373534 -3.68279
11957 0.326991 -3.59233
2742 -0.72781 -1.06032
2791 -0.818069 -1.03161
8058 -0.659359 -1.20727
6386 -0.606077 -1.27247
5976 -0.624547 -1.25266
4522 -1.38351 -0.955298
21971 -2.78885 -1.33321
26284 1.00069 -5.18399
26283 0.993253 -5.14696
18867 0.211004 -2.88515
819 -2.94703 -1.37479
15466 -3.55957 -1.34022
35675 0.643912 -4.14986
35745 0.735033 -4.9847
35756 0.618159 -3.9496
35743 0.571262 -3.93318
33195 0.579199 -3.95666
35757 0.625376 -3.94441
21801 0.599575 -4.01807
35734 0.589323 -3.96004
28909 -0.111274 -2.14918
28911 -0.211448 -2.06468
14228 -0.0799669 -2.18867
14396 -0.0923157 -2.29532
18836 0.179873 -2.72133
1891 0.206344 -2.83577
15433 -4.01621 -1.46008
21417 -3.36115 -1.35497
6475 -0.518577 -1.27366
18793 0.19618 -2.78379
5404 -3.90296 -1.44256
7000 0.229136 -2.81458
2640 -1.47069 -1.05148
33623 0.837377 -5.13769
33622 0.846161 -5.15775
35618 0.482595 -4.03059
35619 0.498012 -4.6176
35620 0.407158 -3.99377
35617 0.444624 -4.05601
701 -0.446252 -1.27154
21491 -1.35179 -0.894515
19056 0.8134 -4.13845
2493 0.450641 -3.11834
13756 -2.91122 -1.37985
31219 1.07286 -5.29234
31220 1.06082 -5.27273
18009 0.0297207 -1.78414
29233 0.926631 -5.28747
880 0.936391 -5.33372
3482 -1.73956 -1.06204
18244 0.239061 -2.50133
18121 0.286804 -2.67827
13623 -0.564472 -1.34062
21023 1.04121 -4.96198
21544 0.623367 -4.07534
4371 0.178217 -2.66908
11562 0.161634 -2.68332
5064 0.368331 -2.64816
29735 0.0307329 -2.42791
8271 0.180092 -2.42975
10735 0.19673 -2.54343
11095 0.135692 -2.36126
11096 0.149233 -2.37408
12559 -1.26876 -0.995911
23139 -4.44203 -1.5701
24805 -4.95602 -1.78863
1765 -0.560122 -1.25957
4882 -1.05003 -0.921131
18789 0.148731 -2.68848
8213 -0.565076 -1.16913
1443 -1.08357 -0.91793
11754 -1.49696 -0.899918
9292 -1.4005 -0.998306
4929 0.160692 -2.4269
2790 -0.749653 -1.01031
10839 -2.68817 -1.3007
25165 -3.73211 -1.3267
742 0.0246607 -2.15049
22006 0.620316 -3.73197
10903 -3.27007 -1.27467
34096 0.443781 -3.74348
34094 0.648038 -4.82271
34101 0.488052 -3.83078
34099 0.442695 -3.77079
34097 0.511629 -3.91117
34100 0.475082 -3.99123
34098 0.517552 -3.8254
34093 0.468301 -3.94868
34095 0.453808 -3.79541
14222 -0.596753 -1.07564
686 -3.70658 -1.43549
766 -3.78051 -1.42823
29799 -0.302021 -1.35312
18840 0.221122 -2.78802
891 -0.347187 -1.27376
7676 -1.51716 -0.848421
23719 -3.85598 -1.37156
30721 -1.3732 -1.02457
1838 0.186242 -2.73833
451 -0.603044 -1.25586
18846 0.171785 -2.67941
3330 0.167584 -2.82588
25477 0.503124 -4.49664
25479 0.415146 -3.81836
25478 0.403065 -3.80855
24856 0.406135 -3.95296
25476 0.485057 -4.05199
10959 -1.34791 -1.00751
9341 -0.434356 -1.19023
5265 -2.6285 -1.27568
2442 0.752124 -4.26361
133 -5.2716 -1.93997
16600 -4.44892 -1.58838
16579 -4.5541 -1.63601
19149 0.79791 -4.45776
30462 0.808497 -4.52481
18857 0.163519 -2.81932
1160 0.0152301 -2.31822
13414 0.658248 -4.19029
22985 0.567421 -4.09764
1806 0.642017 -4.38444
22948 0.564803 -3.93997
27481 -0.445045 -1.20852
4970 -3.19573 -1.24311
2644 -1.58148 -0.821212
29461 -0.375118 -1.25887
19232 0.289743 -2.62746
18816 0.167981 -2.64389
4887 -1.0622 -0.922534
22557 -3.49001 -1.39345
33395 0.144864 -2.37414
4975 0.0327916 -1.97457
168 0.4984 -3.30267
32894 0.838641 -5.04934
32895 0.834902 -5.11117
33456 0.750441 -4.13438
633 0.670882 -3.91416
15108 0.728209 -3.94134
3226 0.344725 -2.71176
13666 0.519972 -4.21382
20023 0.528256 -4.67447
13665 0.496797 -4.26104
35071 -0.341114 -1.40724
1339 -0.315641 -1.33561
35070 -0.324377 -1.40829
6530 0.198468 -2.40338
33013 0.739409 -4.69
33012 0.669834 -4.15972
33014 0.640623 -4.10699
5578 0.666848 -4.17191
17979 0.282375 -2.58478
8495 -0.744346 -1.05542
30463 0.828114 -4.43572
30461 0.820603 -4.43198
1095 -0.55744 -1.30983
7812 -1.32105 -0.910265
21517 -1.7796 -0.954765
2760 0.534866 -3.50055
2789 -0.801246 -0.977926
25643 0.246655 -2.58819
102 0.513438 -4.13565
18590 0.811377 -4.3866
11031 -4.06988 -1.40713
7552 0.224687 -2.66755
2461 0.732705 -4.17058
2333 0.736753 -4.19799
23456 -0.499061 -0.86042
21408 -3.51428 -1.38394
5766 -4.95287 -1.76905
20688 0.847916 -5.02774
25529 0.838802 -4.63927
1588 0.921673 -5.56282
20727 0.811864 -4.68239
20713 0.814083 -4.74128
20728 0.764567 -4.61119
22645 -2.66049 -1.31505
12136 -3.20586 -1.35741
9957 0.439884 -3.95927
35046 0.58321 -4.53112
35047 0.45677 -4.045
35045 0.518372 -3.92682
26307 1.04766 -5.14048
26308 1.02419 -5.08718
7246 0.906478 -4.72914
18635 1.05655 -5.47745
18632 0.960652 -5.08231
8883 0.203852 -2.84687
11093 0.220634 -2.56728
27648 0.615803 -4.14245
27646 0.688172 -4.73611
13780 0.624497 -4.19072
27647 0.620267 -4.08862
1742 -0.566341 -1.11153
16210 0.965612 -4.8776
7742 -0.24291 -1.36289
9008 0.185528 -2.74467
15110 0.720055 -3.97678
14873 0.709013 -3.94581
14942 0.722053 -3.87145
15067 0.729177 -3.98229
34989 0.812064 -4.64053
10010 0.905435 -5.39939
5049 0.770855 -4.52882
1053 0.896206 -5.12305
9974 0.762961 -4.4626
10005 0.817983 -4.70048
2668 -0.925308 -0.966349
30441 0.835266 -4.50564
32930 0.938566 -5.31944
32929 0.936731 -5.2946
27275 0.570557 -4.13291
27276 0.659385 -4.59946
26432 0.569804 -4.00643
27277 0.600952 -4.05108
20317 0.509703 -4.02796
24946 0.617531 -4.74581
24942 0.516033 -3.90985
24941 0.471457 -3.77639
24943 0.510782 -3.97443
24944 0.495358 -3.87516
15198 0.82181 -4.73045
24870 0.9025 -5.37448
14862 0.835911 -4.9222
20628 -4.44572 -1.56791
24590 -0.874752 -0.938023
27734 0.987994 -5.20953
27733 0.889642 -4.85242
19467 0.912171 -4.77824
33151 0.590843 -4.44993
11679 0.566397 -4.12445
33150 0.504426 -4.07673
36462 0.847194 -5.08854
36461 0.843268 -5.11732
34782 -3.6197 -1.53479
34783 -4.23544 -1.76142
34785 -3.80103 -1.60612
34784 -3.53264 -1.55614
33393 0.152832 -2.43505
18864 0.154261 -2.67358
1244 -0.290427 -1.34008
27194 0.492112 -4.3065
27195 0.401879 -5.06031
27192 0.436054 -4.2159
27193 0.434314 -4.15394
3331 0.440977 -4.28991
13925 0.562818 -4.02498
13934 0.645377 -4.60935
4854 0.537445 -4.03729
4858 0.546304 -4.19368
6781 0.863463 -5.17981
301 0.851144 -5.17065
13183 0.830689 -5.21113
287 0.836113 -5.20472
25389 1.01817 -5.06805
25388 0.998995 -5.06619
8650 -0.496019 -1.03722
27290 0.614517 -3.9937
26936 0.743973 -4.65597
26912 0.620015 -4.00902
26856 0.654506 -4.08375
26854 0.631798 -3.93355
27289 0.61507 -3.95991
26897 0.650356 -3.96475
36202 0.504607 -4.19647
36201 0.632416 -4.64357
36203 0.510085 -4.1239
36204 0.536289 -4.05351
24995 0.778136 -5.31407
8032 0.781567 -5.34365
23822 0.676277 -5.10575
1725 0.652561 -5.16321
8555 -2.56419 -1.59423
8553 -2.7828 -1.66534
8554 -2.48597 -1.60382
30172 1.02133 -5.07299
35272 0.997878 -5.04022
28869 0.567782 -4.43094
1793 0.554244 -4.03575
6672 0.591081 -4.08896
36356 0.743782 -5.27097
36357 0.756032 -5.28482
31210 0.790712 -5.32857
31211 0.800568 -5.35639
6830 1.036 -4.98774
29158 1.05698 -4.99521
34000 0.65557 -4.29327
33998 0.761608 -4.71388
33999 0.656313 -4.11764
33997 0.693465 -4.15578
13845 0.902157 -5.10389
2715 0.920301 -5.09781
24432 -4.95689 -1.94505
1833 -5.0081 -1.94658
2253 0.618808 -3.9838
23791 0.726161 -4.63087
23706 0.641102 -4.05036
23451 0.56402 -3.80551
23792 0.64945 -4.01099
3735 -5.07568 -1.83007
27515 -5.07107 -1.86083
25613 0.912078 -4.91412
3197 0.922144 -4.9329
36314 0.777632 -5.13856
36315 0.757137 -5.1248
25085 -4.01626 -1.60172
30363 -4.74162 -1.88522
23960 -3.85476 -1.54056
25089 -4.19766 -1.67133
31112 -4.76303 -1.70866
31111 -4.75303 -1.68646
25437 0.886226 -4.87341
25438 0.89971 -4.89963
10783 1.13034 -4.84353
5830 1.09732 -4.72485
29402 1.03695 -4.96345
8566 1.01246 -4.90542
33806 0.858937 -4.95772
33820 0.86959 -4.96757
581 0.70637 -5.24918
22515 0.722615 -5.21526
