20 2
10 -0.80534601 -0.73760301
15 -0.51063299 -0.91603929
12 0.49690092 -1.5014651
0 -0.94350183 -0.67110199
19 -1.7624946 -0.30069223
11 0.53181744 -1.5524595
13 0.65780538 -1.6108967
14 -1.4378064 -0.43554661
8 -0.34194809 -1.0068423
3 -0.47015223 -0.92145306
16 -0.12451307 -1.1219074
6 -1.2488223 -0.50968182
7 0.2845875 -1.3742861
2 -2.5942247 -0.0017280191
9 -2.6143491 0.027569257
17 -2.0532081 -0.19090044
1 1.1919924 -2.0033138
18 0.7589916 -1.6717627
4 -2.3532903 -0.074456915
5 0.8717916 -1.767988
