2220 2
7529 -4.64003 1.03025
8373 -4.61391 1.02906
300 -0.795819 0.860805
14 -0.0595367 1.9366
49 0.0514242 2.32152
1413 -0.00179137 1.93981
2 -0.142309 2.0003
4365 -0.168926 2.33799
6283 -0.301535 2.46393
846 -0.40487 1.31771
38 -0.178625 1.50943
405 -0.0101589 1.98374
1 0.016983 2.32836
4908 -0.0898119 2.26224
4863 -0.128154 2.19873
4876 -0.0625581 2.2333
6127 -0.0280618 2.28705
9288 -0.0593645 2.2202
1551 -0.053657 2.24965
587 0.540471 3.78902
87 0.665789 4.31191
1428 0.502547 3.75634
7811 0.482541 3.49989
656 0.471112 3.5903
869 0.380589 3.37345
4660 0.462583 3.57076
11 0.0942872 2.17081
131 -1.2056 1.0528
8774 -1.52451 1.01829
2199 -1.7087 1.05559
402 -1.20582 1.01052
2523 -1.65759 1.03441
755 -1.55427 1.04948
3153 -0.538527 1.38216
2813 -0.159252 1.72464
209 0.271348 3.28278
3124 0.163132 2.83361
59 -0.38729 1.58141
2121 -0.483923 1.3715
6 -0.840897 1.10308
5 -0.294336 1.51581
601 -0.310755 1.21517
0 0.0252987 2.47595
6551 0.220741 2.93948
331 0.322732 3.17458
4687 0.11981 2.42677
7339 0.140296 2.41307
7528 0.202008 2.60126
1474 0.0402545 2.42832
48 0.0883901 2.42858
1181 -1.06778 0.956204
1226 -0.931648 1.03917
802 -0.415912 1.48177
7237 -0.0139411 2.30596
5338 -0.0096977 2.39808
430 -0.727047 1.15687
1362 -0.788666 1.1009
5581 -0.890989 1.16594
6799 -0.963324 1.32726
551 -0.939729 1.0305
8890 -0.84116 0.997471
175 -0.595761 1.16612
2729 -0.321341 1.56312
9117 0.00661605 2.57494
3616 0.00436978 2.57762
10 0.0478452 2.35144
1337 0.0103676 2.36258
545 -0.122281 1.81702
7281 0.0460873 2.37143
4653 -0.0125727 2.39664
135 0.393305 3.40679
370 0.369143 3.575
1266 0.570654 5.07648
9603 0.535715 4.56764
2785 0.541432 4.52968
3504 -0.0205197 2.45033
9430 0.0377852 2.6013
4508 0.102216 2.47177
225 0.11915 2.52838
3969 0.262004 3.02389
1593 0.638295 4.55416
2193 0.615392 4.42373
1763 0.725012 5.09352
1561 0.923988 6.8207
3347 0.736639 5.19964
5519 0.716685 5.11269
4046 0.466803 3.71343
2481 -0.0615144 2.54566
3457 -0.0689942 2.34522
1341 -0.00939385 2.14668
42 -0.0362249 2.2018
6030 -0.0870063 1.77806
2563 0.0515322 2.46809
566 0.0459359 2.42324
208 -0.279277 1.99664
1497 -0.321596 2.02408
5609 -0.205292 2.00723
43 -0.0731186 2.10552
1058 -0.125735 1.97411
2886 -0.121926 1.82246
5671 -0.160327 1.77387
973 -0.0967865 2.01852
654 -0.0207217 2.331
1517 -0.343371 1.61855
5764 -0.354842 1.59344
938 0.459989 3.59007
15 0.505625 3.73328
6428 0.323412 2.7403
1573 0.664686 4.65105
7561 0.615512 4.22645
6470 0.658431 4.38266
1790 0.626277 4.3004
3126 0.133161 2.44063
79 -0.0165344 2.08245
192 -0.290037 1.60919
274 -0.238259 1.69871
6123 -0.183673 2.01628
3096 -0.210309 2.2364
1114 -0.328377 2.38077
5312 -4.60828 1.31755
2468 -4.49933 1.28108
3851 0.216501 2.60345
218 0.20984 2.75667
141 -0.14245 1.95074
2658 -0.103815 2.11479
6038 -0.0399814 2.0682
22 -0.0937584 1.95114
4652 -0.519485 1.17944
315 -0.970413 0.951299
1391 -0.87553 1.15218
3254 -1.11964 0.995606
1925 -1.06358 0.988588
9388 -0.994 1.03131
343 -0.846334 1.00875
1944 -1.35903 0.908393
76 -0.741831 1.02782
1088 -1.78695 0.941163
44 -1.46046 0.914554
745 -2.43988 1.09047
117 -2.86098 1.19124
2206 -2.68733 1.05217
21 -1.07038 0.901223
8466 -1.17513 0.807308
1847 -2.6174 1.03604
9270 -2.57281 1.04334
1125 -2.69672 1.08355
8492 -2.72572 1.07632
3328 -2.69601 1.08566
6657 -2.61341 1.01272
7710 -2.66934 1.09528
4023 -2.63393 1.05602
351 -2.76403 1.05716
1404 -2.62237 1.04664
9101 -1.25976 0.803711
9483 -2.57429 1.02866
7253 -2.63796 1.04667
6015 -2.5746 1.04381
1234 -1.13965 1.02173
216 -0.722604 1.37278
750 -0.828565 0.905873
1864 0.250805 2.90501
488 0.17005 2.61377
1971 0.0809031 2.45087
2317 0.233324 2.9301
6763 0.316666 3.10228
6462 -0.0440564 2.85083
749 -0.0544168 2.17341
9178 0.0248012 2.52201
3269 -0.0571372 2.22597
6399 0.273551 2.98904
1274 0.350978 3.06637
1207 -0.0779956 1.92803
316 -0.318324 1.59646
109 -0.433363 1.48668
2440 -0.395832 1.47867
7001 -0.588731 1.45445
2986 -0.514595 1.44162
1169 -0.250127 1.65922
102 -0.518828 1.07376
5166 -0.509134 1.11253
1679 -0.792277 0.893839
665 -0.826697 0.847617
1036 -0.792835 0.86685
5020 -0.624514 1.00468
1892 -0.184167 1.8213
2423 0.106676 2.92555
4636 0.116851 2.68809
4511 0.119594 2.73391
6507 0.170588 2.853
3045 -0.175034 2.06788
1433 0.180616 2.77443
256 0.154495 2.32183
392 0.0361483 1.79329
4383 0.338462 3.14013
546 -0.227083 1.81937
45 -0.648065 1.16069
772 -0.527413 1.2018
432 -0.541843 1.18839
2696 -0.808764 1.03975
1217 -1.31603 0.798133
363 -0.741883 0.867562
90 -0.100103 1.97423
7 -0.438148 1.43685
1340 -0.351895 1.72026
5479 -0.271904 1.6639
2906 -0.0796081 1.92121
132 -0.152855 1.81113
910 -0.371232 1.3241
858 -0.00921168 2.07688
2608 -0.186528 1.70584
311 -0.88297 0.833674
1233 -0.364711 1.41797
313 -0.313627 1.70544
771 -0.155849 2.36857
5449 -0.172329 2.22715
1382 -0.0703545 2.47288
3218 -0.167085 2.22309
4996 0.141779 2.69285
12 0.0659894 2.32917
5375 0.0923722 2.35886
1849 0.139415 2.45315
6644 -0.0138894 2.2036
1061 -1.0689 0.956767
206 -1.24949 0.928028
9717 -1.20423 0.90278
1685 -0.0976485 2.12682
3425 -0.083711 2.00746
98 -0.116314 2.00065
95 -0.0607206 2.26679
2790 0.0390378 2.40603
2492 -0.336846 1.40752
2755 -0.60355 1.39423
167 -0.734814 1.0282
148 -1.01354 0.999542
4 -0.783856 1.03237
1055 -0.755911 1.00261
128 -0.507833 1.28632
1585 -0.114608 1.77551
8340 -0.0628148 1.8917
2891 -2.98605 1.11169
1100 -2.56484 1.07208
7379 -2.82732 1.1079
456 -2.88253 1.06469
568 -2.97514 1.09703
2773 -2.94069 1.07875
3516 -2.68761 1.03042
3550 -2.66837 1.06514
1798 -2.88089 1.07506
899 -1.15594 0.871377
3245 -0.489359 1.29933
1578 -0.266226 1.72493
2454 -0.26716 1.6261
35 -0.135599 1.98656
151 0.0613354 2.46569
39 0.437232 3.72692
3047 -0.0160124 2.15404
1885 -0.103434 2.02332
181 0.182992 2.65949
6107 0.239859 2.79659
261 -0.136092 1.85965
143 0.292571 3.50205
853 0.290157 3.21259
1565 0.355705 3.41511
4008 0.285263 3.63654
4191 -0.299445 2.01132
1123 -0.196784 1.91235
161 -0.805475 1.1003
1030 -0.688212 1.17459
1642 -0.807281 1.09855
173 -0.934517 0.984147
6508 -1.66295 0.808742
1620 -0.124933 1.96022
7740 0.30795 3.07229
2208 -0.166703 1.90704
330 -0.641764 1.37218
1103 -0.86358 1.1662
37 -0.237895 1.71492
2628 0.325963 3.36986
104 0.311671 3.40745
7327 0.302838 3.19361
1956 -0.208828 1.7289
9786 -0.0213271 2.35189
2068 -0.103369 2.12683
2221 -0.114021 1.85439
7990 -0.341371 1.53771
1955 -0.309729 1.54965
138 -0.390984 1.43993
622 0.149779 2.66597
6513 0.13513 3.01679
7160 0.151579 2.59197
8683 -0.166681 2.02795
1304 -0.0418072 2.21005
373 0.50253 4.18518
3133 0.366887 3.51288
1784 0.309495 3.54151
9406 0.398714 3.64005
9726 0.343957 3.51347
6057 0.313328 3.28731
460 0.30578 3.25516
5947 0.29403 3.66696
2597 0.152705 2.70389
2379 -0.312921 2.10803
5447 -0.375654 1.54339
2625 -0.84219 1.2069
5100 -1.01874 1.10134
8924 -1.01329 1.08313
5182 -0.681464 1.40443
699 -0.262258 1.98438
6089 0.00704887 2.48004
3478 0.00261445 2.44674
1494 0.118287 2.58695
2988 0.00426102 2.06151
25 -0.387766 1.13586
1364 -0.965042 0.813812
213 -1.71197 0.873253
2217 -2.27981 0.915155
1692 -2.47044 0.986456
1991 -2.93137 1.00503
1744 -1.71065 1.04905
7435 -1.51984 1.03705
823 -0.311678 1.63328
7683 -0.188162 1.95027
3762 -0.159274 2.01677
2750 -0.175794 2.0028
3562 -0.129381 2.11832
498 -0.677653 1.03558
36 -0.989777 0.863061
3208 0.618231 4.2113
2401 0.7397 5.05214
8364 0.709888 5.04885
7033 0.698944 5.00316
6383 0.737837 5.16812
730 0.633513 4.6423
3404 0.715443 5.07688
3236 0.698933 5.03039
757 0.545425 3.84363
4813 0.0373019 2.62524
3009 0.019609 2.429
8657 0.00606618 2.50676
1273 -0.401314 1.43541
3912 0.0157409 2.52297
4472 -0.299883 1.73089
7068 0.00167406 2.44257
8136 -0.0140705 2.55639
310 -0.189959 1.88763
2927 -0.156155 1.90376
8773 -0.150377 1.9775
160 -0.0363715 2.13947
3058 0.0282972 2.17324
3641 -0.00985888 2.21669
342 -0.155392 2.011
118 -0.606077 1.28134
5845 -0.739138 1.05885
8542 -0.351634 1.5999
5282 -0.0141832 2.43828
3853 -0.0144946 2.37632
3814 -0.108435 2.15883
8182 -0.209726 1.94947
420 0.187195 2.85171
878 -4.59895 1.22845
7760 -4.47639 1.22324
8313 -0.0166162 2.35729
690 -0.252003 1.62718
995 -0.316861 1.53313
2754 -0.078486 1.70684
1432 0.0538287 2.50121
1224 0.4256 3.66469
2072 -0.199297 1.94814
3827 -0.0578991 2.81057
9765 -0.00635702 2.43887
8901 -0.0620083 2.62624
2023 -0.00525176 2.49534
544 0.275001 2.99574
260 0.287629 2.79048
54 -0.179528 1.94864
413 -0.478249 1.44785
1070 -0.177786 1.75091
9675 -0.470783 1.36443
1658 0.00320873 2.2544
1812 -0.14617 1.74538
9816 -0.236414 1.92659
671 0.22694 2.87499
388 -0.119592 2.10701
1799 -0.127629 1.86183
691 -0.182898 1.71157
916 -0.158432 1.80304
92 0.0520868 2.16109
4478 0.00709238 2.15391
1853 -0.523657 1.33953
8998 -0.695523 1.47879
9480 -0.576524 1.26772
440 -1.18413 0.948801
1349 -1.34061 0.886282
964 -1.69283 0.914937
3972 0.419098 3.48074
480 0.421308 3.57515
2652 0.449994 3.57187
2009 0.445094 3.53627
56 -0.322741 1.37438
3507 -0.164638 1.67282
669 -0.0524902 2.13403
204 0.0966826 2.46642
6673 0.00728309 2.53872
1696 0.0781586 2.57539
6830 -0.121033 2.18474
244 -0.0313039 2.05908
1897 0.16309 2.49014
576 0.192633 2.40834
4983 0.281482 2.82374
9405 0.0694417 2.70539
1416 -0.011312 2.5017
7627 -0.0861653 2.17054
4859 -0.0107603 2.14005
75 -0.126522 2.39151
937 0.314152 3.04767
2384 0.533209 4.051
1743 0.298652 2.8166
4635 -0.251927 1.81385
902 0.00568945 2.19399
6155 0.151525 2.36154
3066 -0.0820579 2.24994
503 -0.25802 1.81652
3083 -0.132288 2.07659
8407 -0.476515 1.32693
5972 -0.52468 1.33928
4476 0.0417413 2.32601
3737 0.411528 3.35168
7940 0.02123 2.50149
2124 -0.0649748 2.16246
696 -0.205992 1.95065
2486 -0.579538 1.27988
7659 -0.643899 1.13046
5384 -0.431252 1.37581
1052 -0.241562 1.66424
110 0.0298063 2.32693
7469 0.133638 2.57715
1778 -0.0220818 2.41164
8271 0.0400147 2.36186
672 0.0218437 2.28687
111 0.0842095 2.40094
9050 -0.0388994 2.29738
3701 -0.754207 1.32917
5986 -0.0431197 2.36055
4741 -0.0949025 2.19175
8170 -0.127466 2.53714
8429 -0.16599 2.72847
2430 -0.049607 2.17001
6757 -0.928443 1.13244
5203 -0.942824 1.14394
9421 0.302377 3.40597
6528 0.321819 3.22493
4697 -0.216269 1.9169
1003 -0.0636737 1.95095
202 -0.102356 2.10467
2620 0.259258 2.86972
4153 -0.00777423 2.32211
431 0.0326727 2.14807
2507 -1.96047 0.916045
2617 -2.315 0.912299
5416 -2.37134 0.905064
1028 -0.544773 1.45923
1624 -0.893438 0.952752
2561 -1.18264 0.900407
8679 -1.28109 0.812786
462 0.515852 4.02574
378 0.459056 3.73268
8835 0.483862 3.79431
8169 -0.365335 1.22883
3036 -0.060172 2.06042
4420 -0.535215 1.48701
4671 -0.66224 1.28274
6930 -0.672928 1.27589
1134 -1.58158 1.03079
2811 -0.985061 1.30564
2247 -1.29576 1.32186
424 -0.959526 1.1518
3419 -1.37705 1.19919
7868 -1.49373 1.04111
4135 -1.45344 1.02423
8283 0.0555089 2.59941
967 0.541673 4.02484
1789 0.733599 4.68948
5575 0.687016 4.46238
7211 0.207315 2.92381
84 -0.334112 1.70549
1851 -1.09431 1.07754
119 -1.09502 1.11042
9147 -0.914211 1.05902
2225 -1.04143 1.04319
7005 -0.975419 1.13007
3867 -1.11552 1.07777
418 -3.8281 1.49278
3807 -4.27527 1.66923
1386 -3.75758 1.46469
3692 -3.84264 1.49769
1667 -0.0262177 3.78937
4553 0.203179 4.05158
228 0.431055 3.70049
4373 0.296387 3.13548
8531 0.00566914 2.48907
114 0.394016 3.36021
513 0.247442 2.95265
6164 0.307604 3.03724
4176 -0.144498 2.03303
1096 0.0413859 2.22897
5556 0.014635 2.102
6333 -0.0340334 2.20977
403 0.319625 3.13659
1345 0.187785 2.56454
269 -0.0761133 1.91778
4491 0.493741 3.78414
6731 0.501971 3.85258
5113 0.327146 3.08176
6932 0.268337 3.03673
2506 0.511334 3.78726
1120 0.44969 3.43777
2602 0.44708 3.52099
855 0.149764 2.62938
9378 0.0160488 2.38371
1203 -0.0892609 2.09872
5680 -0.0857052 2.26623
8786 -0.0383614 2.3639
5065 -0.04664 2.33125
3735 -0.574542 1.17337
2110 -0.0309297 2.41347
1152 -0.045388 2.60611
1803 -0.121199 2.63166
8235 -0.170814 2.0429
406 -0.272045 1.68518
27 -0.601903 1.14491
346 -0.107866 2.07668
6829 -0.099989 2.09293
72 -0.437036 1.33545
3766 -0.588879 0.949757
189 -0.36097 1.30119
2588 0.298273 2.99632
1725 0.0727165 2.20997
2450 0.164765 2.43227
6676 -0.0319587 2.38475
9785 -0.024264 2.38678
5077 0.0114982 2.51072
638 -0.725348 1.16925
2053 -0.771328 1.06169
536 -0.16155 2.12764
8042 -0.257165 2.21906
650 0.000623424 2.31081
6023 -0.00311535 2.36291
8105 -0.122798 2.15623
3695 0.136671 2.91737
7227 0.200879 2.82065
6056 -0.0252721 2.31677
1414 -0.0385412 2.42721
29 0.354113 3.14926
7671 0.0614178 2.55275
3922 -0.0374972 2.33644
6494 -0.0102679 2.43076
3477 0.480402 4.02812
9215 0.457474 3.64072
1126 0.238354 2.63979
174 -0.628177 1.31012
8569 -0.700747 1.18768
6118 -0.680859 1.21091
1755 -0.707612 1.15117
6728 -0.657378 1.22148
5981 -0.645494 1.20955
6204 0.23354 3.00722
2170 0.153849 2.91536
2158 0.19995 2.96467
876 0.222613 2.99765
1173 -0.457853 1.44945
4872 -1.8903 0.906478
1440 -1.53832 1.01605
18 -1.17397 0.92876
1010 -1.12835 1.14759
3844 -1.3448 1.05398
361 -1.36642 1.04154
2972 -1.24391 1.07369
507 -0.670771 1.43269
4164 -0.372349 1.72018
5532 -0.0532813 2.03562
3645 0.0587277 2.30406
5263 -0.614053 1.35339
4207 0.21043 2.34862
7728 -0.0481622 2.24877
9443 -0.684575 1.14255
1339 -1.56814 1.00844
7384 -1.39978 0.978084
6504 -0.210704 2.05737
1128 -0.091923 2.30289
6297 -0.0703238 2.24998
3759 -0.0168824 2.25185
4700 0.0425636 2.33195
364 -0.444866 1.55408
962 -0.475495 1.35315
724 -0.947468 1.01298
4389 -1.01389 1.0807
2603 -0.713407 1.10307
2325 -0.0295591 2.40321
2665 0.316753 3.26365
120 0.529372 4.33112
3915 0.23155 2.58502
356 0.29529 2.93988
6379 0.258273 2.66215
4785 0.321317 3.25411
71 0.390098 3.7737
2228 0.347029 3.35523
6791 0.392449 3.44031
7019 0.105189 2.6414
6946 0.0354966 2.54769
1164 0.524737 4.27209
7789 -0.0167825 2.5154
6742 -0.0621059 2.54671
5774 -0.212076 1.81513
3578 -0.0713511 2.284
304 -0.105222 1.55232
9660 -0.183633 1.96276
3224 0.407589 4.01694
976 -0.031242 2.35067
6618 0.155561 2.70446
5911 0.524502 3.48743
3187 0.513356 3.66062
1076 0.511191 3.70511
1437 -0.116808 2.37949
82 -0.0695455 2.40197
1079 -0.164926 2.50341
5714 0.008816 2.88493
7730 -0.0121794 2.50473
6310 0.0126753 2.37939
7716 -0.00274712 2.47593
2143 -0.981386 1.09995
3628 -0.810467 1.24233
8153 -0.994531 1.27623
2606 -1.05663 1.06453
1022 -0.997811 1.09628
294 -0.986907 1.112
5936 -0.407585 2.37512
6338 -0.717498 1.17507
232 -1.50862 1.0123
2586 -1.68445 0.995584
6004 -1.05074 1.09865
5908 -1.81851 1.04509
2324 -0.0263723 2.06502
4118 -0.040477 2.16182
53 -0.129911 1.78599
919 -0.0865974 2.00474
85 -0.0808761 2.02977
5723 0.0557688 2.25858
2819 0.178614 2.46496
2897 0.232422 2.43051
5545 0.276297 2.57613
1618 -0.517836 1.29603
510 -0.703306 1.12507
6352 -0.168943 1.98806
1765 -0.752554 1.30213
154 -0.765461 1.19143
380 -0.695778 1.18384
8040 -1.0349 1.07232
6009 -1.66299 0.8229
5030 -0.833419 1.11844
348 -0.710927 1.15011
8122 -0.0386269 2.22405
3179 0.106308 2.59589
679 0.0473772 2.83568
904 -0.401214 1.30876
4951 -0.38041 1.43585
842 0.0475596 2.85191
5474 0.134277 2.88072
812 -0.347604 1.54099
2841 -0.600305 1.15059
1066 -1.6178 1.05134
5879 -1.59242 1.02607
2331 -1.55264 1.01538
4933 -0.584656 1.21552
7324 -0.00394943 2.42062
2114 -1.18434 0.85365
2711 -0.777005 1.01551
308 -0.682816 1.01334
5773 -1.35955 0.797942
100 -1.26397 0.843596
3116 -1.25716 0.983891
3188 -1.28546 0.868276
4100 0.715069 5.08772
4583 0.734416 5.15902
6284 0.716656 4.99345
9333 0.734355 5.09403
9374 0.701101 5.01055
5841 -0.00869251 2.29199
6836 -0.162926 2.02042
7973 -0.0827462 2.24547
6663 0.207914 2.90901
7677 0.266427 3.11685
357 0.175166 2.86582
9301 0.174097 2.77892
9076 -1.29487 1.03952
2442 -1.41464 1.03099
6465 0.0153154 2.4467
1537 -0.170944 1.91818
8839 -0.0578964 2.29294
6376 -0.0243116 2.04503
7226 -0.208356 1.55987
2737 -0.0252277 2.03904
1262 0.22245 2.74019
9836 -0.0870006 2.28689
4676 0.226594 2.70164
194 0.222653 2.71056
157 0.516853 4.27262
5158 0.300187 3.31157
8189 -0.198592 1.91771
1480 0.160341 2.58712
5589 -0.081109 1.91924
746 -0.094388 2.83968
2394 -0.145174 2.81917
2131 -0.0135275 2.47462
4004 0.0161292 2.4862
900 0.475203 3.89026
3034 0.528569 4.15345
171 0.477972 3.88606
5978 0.322695 3.4492
1677 -0.968739 0.999559
6490 -0.0360862 2.33185
4423 0.283319 2.99184
703 0.248152 3.07812
41 0.385132 3.30662
4737 0.829166 5.26082
1248 0.830558 5.18206
1436 -0.0648306 2.20872
1879 -0.159699 1.98899
7689 -0.0616185 2.77066
1560 -0.156394 2.82053
2173 0.00522152 2.44347
8256 0.0917587 2.84781
1513 -0.0411578 2.10044
554 0.487644 3.91891
7060 0.431975 3.52569
20 0.473558 3.66321
612 0.205145 2.53496
3849 -0.0590069 2.36987
6222 0.0472451 2.5797
2715 -0.0317949 2.44288
461 0.0351892 2.69947
3732 0.126399 2.79687
944 0.11484 2.82329
2644 0.270295 3.09344
1542 0.2524 3.08555
4259 -0.0538271 2.30209
9355 0.138922 2.33592
200 0.210603 2.80118
7684 0.140007 2.27637
6461 0.31755 3.42731
6435 -0.0094727 2.74921
1602 0.334276 3.41915
6772 0.432691 3.45411
2487 0.419222 3.56228
6886 0.00642289 2.54435
273 -0.83276 1.17611
9915 -0.918192 1.11935
5335 -0.994928 1.15604
8758 -0.945289 1.11836
4869 -0.942357 1.17683
8900 -1.07846 1.09757
1472 0.282265 3.32501
3642 0.0735252 2.37439
17 0.0533189 2.50395
5990 0.141376 2.64438
4242 0.0746627 2.59315
9774 -0.407411 1.41269
695 -0.013151 2.38109
7692 0.109785 2.63014
9299 -0.0642398 2.26471
2109 -0.0423148 2.21153
3177 -0.471468 1.21969
8790 -0.0693572 2.26474
4809 0.0275948 2.18469
2545 -0.192391 1.71573
165 -0.354434 1.39314
3303 -0.896226 0.81652
1876 0.0992505 2.3113
32 0.0324195 2.578
2418 -0.00897379 2.69991
3729 0.0347945 2.26053
4345 -0.167615 2.06198
3793 0.00806411 2.26549
3056 -0.587499 1.227
1087 -0.227536 2.39953
4596 -1.03337 1.03584
5676 -1.81751 0.941151
2788 -1.71736 0.926842
3334 -1.75628 0.930697
7604 -0.170901 1.9358
28 -0.679794 1.11186
1023 -1.49363 0.965814
1766 -1.57875 0.996119
7467 -1.60108 1.00369
6285 0.172698 2.68851
1999 0.217544 2.96756
3399 0.188318 2.87551
297 0.100968 2.678
6871 0.0281984 2.42505
9707 0.397353 3.27569
1700 -0.181598 2.75345
6677 -0.0124024 2.42698
7274 0.0483752 2.53735
158 0.0256263 2.20548
190 0.219524 2.58644
5497 0.227996 2.91017
6361 0.292596 2.95224
73 0.345836 3.19479
6049 0.293086 2.95127
6447 0.0776733 2.38614
6425 0.0614906 2.3725
3855 0.0714199 2.44613
1808 -1.74003 0.98619
7629 -2.07282 0.952174
2543 -1.98943 0.974783
3671 -0.480259 1.37258
5682 -2.02432 0.966207
6668 -2.07321 0.946602
5491 -2.0115 0.968957
3746 -0.213289 1.65082
8382 0.218136 2.85635
1463 0.165229 2.83696
4981 0.154382 2.7666
1421 -0.0859277 2.23524
7979 -0.917332 0.995233
1147 -0.879005 1.08566
5068 -0.926458 1.01216
5395 -0.869284 1.03618
8496 -0.146793 1.96353
3612 0.21892 2.74403
4457 0.00620688 2.73329
5921 0.18783 2.76222
4631 -0.455926 1.5348
3563 0.729516 5.15523
1815 0.687038 4.8559
9691 0.519969 3.66609
1150 0.566773 4.16374
8118 0.626887 4.14762
4507 0.0675141 2.34258
1633 -0.0164323 2.09127
3927 0.492378 4.3737
2693 0.392442 4.07948
9745 0.5065 3.99849
5392 0.439541 3.60311
1040 0.223553 2.9893
7214 -0.173445 1.98385
3391 -0.646904 1.11945
7458 0.320967 3.29506
7100 0.0192919 2.26548
455 -0.0461618 2.21381
3874 -0.0626627 2.24033
5443 -0.180581 2.32097
196 0.212514 3.05718
7570 0.231256 2.99631
9403 -4.64007 1.25003
2223 -4.65979 1.28167
1809 -1.95816 1.18501
227 -1.53818 1.014
808 -1.58277 0.991948
78 -0.507483 1.21783
1074 0.0886024 2.52035
2857 0.105016 2.54903
385 -0.650926 1.18506
401 -0.708473 1.15242
1449 -0.648193 1.52705
9706 -0.652306 1.28946
5256 -0.760393 1.59735
63 -0.761984 1.80536
2086 -0.538918 1.33907
6085 -0.706916 1.12479
421 -0.549279 1.28349
475 -0.055144 1.86464
533 -0.815331 1.16482
241 -0.0823026 2.15021
8227 0.00245565 2.88469
6555 -1.26578 1.07902
1915 -0.58371 1.29437
6690 0.00844166 2.54338
1033 -0.0154441 2.41759
7268 0.0256695 2.58011
4283 0.456174 3.49343
2134 0.460194 3.52071
9200 0.713299 5.11144
1683 0.766693 5.32197
341 -0.244368 2.0815
8651 0.0104359 2.44235
5150 -0.0916099 2.24832
1315 -0.0311808 2.83842
4226 -0.144713 3.16701
7607 -0.386059 3.04951
674 -0.54509 1.37705
3102 -0.391291 1.48445
8677 -0.0183813 2.45927
6604 -0.122518 1.84921
9558 -0.107816 1.88031
4531 -4.60368 1.69404
9955 -4.50905 1.6764
6658 0.00981718 2.44657
5725 0.266027 3.51154
1398 -1.07161 0.914884
9701 0.0147405 2.44439
2870 0.0247564 2.51774
6978 -0.0381912 2.3337
4124 -0.640118 0.9787
3930 -1.47471 0.785285
7679 -0.0113022 2.15712
3520 -0.270648 1.78536
5018 -0.319094 1.65903
1502 -0.676501 1.1872
5179 0.0152661 2.18714
7445 0.065932 2.25826
293 0.326706 3.14848
224 0.447854 3.52807
8827 -0.163194 2.10286
9024 -0.642181 1.10558
438 -0.72043 1.14828
89 -0.555229 1.27304
848 -1.63586 0.944428
2448 -1.84246 0.873433
525 -1.93697 0.919847
24 -2.05276 0.906843
8590 -1.93475 0.887978
950 -2.01325 0.946541
4819 -1.97211 0.920469
451 -1.91537 0.863394
9604 -1.47739 1.00765
2452 -1.56886 1.01309
2218 -1.59962 1.04755
7398 -1.46532 1.02983
1672 -1.53591 1.01162
686 -1.4751 0.980496
8243 -1.6137 1.03821
5032 -1.454 1.03358
6282 -1.63824 1.06465
2770 -1.75946 1.13643
4782 -1.8621 1.24902
1247 -1.74674 1.20166
6422 -0.0919771 2.10056
2128 -0.163301 1.88996
1237 -0.404751 1.50452
3890 0.0124605 2.37613
466 -1.39328 0.927179
7506 -0.831148 1.11125
2475 -0.800148 1.11251
875 -0.852145 1.1182
1619 -0.76214 1.1905
1753 -0.762865 1.12693
1773 -0.820764 1.11435
8336 -0.155698 2.06938
5359 -0.254954 2.31441
1119 -0.497454 2.70736
3070 -0.838391 2.94821
8865 -1.12284 2.73089
2544 -0.153559 2.0607
7877 0.429282 3.32705
5533 0.389072 3.27126
5161 -0.923216 0.912869
624 -1.11549 0.955272
365 -0.545631 1.13983
552 -0.552156 1.30374
491 0.131596 2.48779
4526 -0.0179545 2.43066
9399 -0.0858118 2.69383
8230 -0.207142 2.64199
1142 -0.0250749 2.43973
7624 -4.59308 1.31929
9252 -4.59053 1.33384
987 -2.69771 1.04939
9883 -2.78875 1.28419
5576 -1.07117 0.918871
312 -0.909669 0.910112
325 -1.10279 0.913765
698 -1.08223 0.964924
2037 -2.66155 1.04501
64 -1.07858 0.8871
9265 -2.71929 1.08001
2159 -0.0897931 2.65436
2362 -0.0533766 2.23706
6159 0.501057 3.99056
8842 0.211568 2.50913
222 0.199377 2.5565
9847 0.0202086 2.50921
2340 -0.715382 1.19029
4646 -0.884878 1.29481
55 -0.777065 1.20924
4858 -0.73028 1.09456
1742 -2.83412 1.04962
6070 -2.94783 0.975893
2251 -2.63005 0.93428
240 -2.00977 0.855579
4686 0.583046 4.60451
4720 0.455945 4.26145
6500 -0.173844 2.06591
153 -0.706751 1.16551
5120 0.390608 3.82059
7871 -0.139575 2.05902
1904 -1.05123 1.01607
446 -1.15975 0.938659
1300 -0.728225 1.06312
2113 -1.10851 0.933553
814 -0.917096 1.01984
2458 -0.332091 1.53212
2827 -3.92786 1.49286
3811 -4.2044 1.59275
4091 -3.81436 1.41418
7563 0.272525 2.63672
2006 -0.201367 1.53943
2843 -0.753442 1.12169
748 -0.843068 0.983187
3993 -0.814461 1.02027
4482 -1.08053 0.985213
7696 -0.320388 1.25349
457 -0.363096 1.19414
4341 -0.297527 2.18273
1554 -0.401897 2.29853
9964 -0.152178 1.98951
9035 -0.16833 2.02687
411 -0.406338 1.40596
289 -0.408288 1.27192
5999 -0.199885 1.37596
263 -0.289732 1.6396
1400 -0.208677 1.7084
221 -0.609075 1.20084
3926 -0.864494 1.16194
7589 0.230628 3.05878
6653 -0.143093 1.80562
6411 -0.0471247 2.33461
3957 -0.562231 1.3033
920 -0.488759 1.2166
2044 -0.0341332 2.45906
6416 0.0111108 2.51572
1227 -0.0555301 2.11712
731 -1.61859 0.793891
3742 -1.71106 0.884693
2205 -1.76014 1.02929
9054 -1.65534 1.03405
2122 -1.71478 1.01946
6122 -1.46915 1.02816
4764 0.427798 3.4937
2582 0.679626 5.27349
647 0.626293 4.60788
1718 -0.0830221 2.13709
5824 0.0797879 2.39845
1606 0.212556 2.6172
4327 -0.178502 1.94963
3816 -0.0335279 2.33637
3249 -0.118387 2.01383
5291 -0.045986 2.04304
9007 0.0403196 2.32937
482 -1.13125 0.847307
77 -4.64428 1.41262
1451 -4.68231 1.45633
1034 0.347064 3.25772
913 0.316262 3.11493
5566 0.345821 3.57568
2067 0.483727 3.47993
2019 0.488231 3.5523
217 -1.99079 0.827623
3199 -1.57442 1.03052
57 -1.3664 1.0363
5713 -1.69271 0.842497
4817 -0.846914 0.851385
657 -1.38463 0.682668
4628 -0.0617108 2.81554
9609 -0.0053664 2.45571
4005 0.0287566 2.51501
7418 -0.0711511 2.00707
2254 -0.207313 2.29662
7088 0.367155 3.11347
197 0.501882 3.49952
529 -0.113496 2.22331
5454 0.0546648 2.63387
9633 -0.0164021 2.36024
7335 0.0352316 2.32875
9817 0.0593516 2.541
93 -1.011 1.02633
2457 -1.29825 0.882955
7520 -0.495974 1.2457
6565 -0.354929 1.73917
7316 0.027246 2.39406
9576 -0.0147927 2.31263
4786 -0.0295567 2.34747
2954 0.00662608 1.94991
2618 -0.2052 2.79261
383 0.269981 3.15569
1768 0.265101 3.17726
865 0.269999 3.25038
2307 0.291593 3.21738
3170 0.292748 3.2448
3281 0.290751 3.1682
4001 -0.0643917 2.13148
1111 -1.14289 1.0469
9214 0.257736 2.84452
5612 0.227183 2.71854
4192 0.248266 2.75749
3756 -0.699883 1.14372
2569 -0.754155 1.08655
6241 -0.804925 1.02801
1933 0.0870093 2.68282
4674 0.234881 2.89167
8085 -0.0876621 1.9073
570 -0.654717 1.13038
2316 0.159467 2.75129
980 0.215517 2.83937
3498 0.131863 2.55391
6970 -0.66914 1.20225
8134 -0.545479 1.24258
350 -0.00197604 2.47793
2913 -0.226299 2.25153
1875 -0.323184 2.36636
6412 -0.228618 2.19076
7623 -0.256508 2.2889
1756 0.117089 2.77604
816 0.0973141 2.94107
8063 -0.0220982 2.97161
8704 -0.0833062 2.33124
407 -1.45097 1.01589
2528 -1.47417 1.05771
725 -1.48666 0.993634
2848 0.208852 2.94656
5715 -1.4954 1.05218
9057 -1.3493 1.03277
1259 -2.03733 0.829433
5890 -2.40779 0.852455
1101 0.315657 3.16739
841 0.371312 3.17113
129 0.361905 3.23169
602 0.0126187 2.40546
1461 -0.0441706 2.73126
1295 -0.174495 2.69649
805 0.272124 3.49058
1201 0.27688 3.35756
2970 -0.311625 1.49174
7142 0.0247408 2.49771
6672 0.245331 2.79892
8491 0.0312422 2.50902
3261 -3.73721 1.30654
88 -4.09821 1.44828
9891 -3.90498 1.33043
8077 -0.15668 2.02105
7548 -0.176587 2.07109
2748 0.146073 2.44273
5406 0.19744 2.97379
7658 0.289102 3.23468
5564 0.479451 3.84402
1328 0.168406 4.0021
1989 -0.0362942 1.82718
3947 -0.295331 1.26012
9849 -0.461291 1.52412
8439 0.131853 2.44895
9475 0.139552 2.47251
1439 -0.245801 1.57266
2757 -0.292948 1.55464
998 -0.330276 1.48123
5116 -0.0152359 2.51318
7403 -0.0346726 2.17954
6696 0.152001 2.81276
3121 -0.396767 1.36893
8016 -0.0982791 2.20676
1867 0.421832 3.56061
5000 -0.503574 1.3132
1200 -0.0181661 1.73686
377 -0.15094 2.00425
2105 -0.0591882 2.55623
9638 -0.0212657 2.55769
7058 -0.170946 1.97805
3876 -0.389433 1.44736
5636 0.453551 3.3347
641 -0.121169 2.08061
4358 -0.862518 1.15945
1545 0.151736 3.04667
3031 0.175176 2.99052
9692 0.1699 2.98284
6688 -0.0359083 2.16493
8810 -1.00882 0.928056
6973 0.382762 3.42852
492 0.375044 3.41408
905 0.411521 3.28713
2249 -1.2457 0.867936
7254 -1.33324 0.895035
9274 -1.95569 0.807143
322 -1.95868 0.795277
898 -0.297012 1.51204
2101 0.183933 2.62927
9025 -0.0662679 2.09632
4705 -0.892994 0.999789
121 -0.568996 1.60731
8825 0.00867501 2.42286
5786 0.0161352 2.54445
6238 -0.127721 2.10574
5243 -0.141814 1.77719
4369 -0.0267157 2.4316
2818 -0.272488 1.96343
4655 -0.255677 1.91849
2150 -2.66926 1.04086
2042 -2.98648 1.3091
8832 -3.0527 1.43532
319 -2.81893 1.45782
3447 -1.94732 0.861618
3565 -1.91045 0.869304
4250 -1.29734 0.893835
3388 -1.40903 0.920582
6935 0.211431 2.76617
743 0.317365 2.7804
9580 -0.70448 0.986094
6454 -0.276631 1.81199
1090 -0.245377 1.99324
1936 -0.293773 1.88972
3408 -0.39981 1.63726
741 -0.0315646 2.2704
3071 -0.494672 1.08127
9641 -0.366727 1.14566
8131 -0.0489058 2.25783
713 0.320925 3.4549
1509 -4.69371 1.52525
265 -4.66326 1.44305
96 0.0532477 2.44286
2867 0.127136 2.40224
3076 0.113843 2.46955
2764 -0.0252748 2.86721
559 -0.0886801 2.24503
1054 -0.341388 2.73307
613 -0.478179 2.81725
888 -0.126238 1.87527
5005 -0.158055 1.9529
7164 -0.108896 2.08555
4775 -0.191972 2.06531
8894 0.141375 2.61799
4293 -0.316143 1.4956
499 -0.0325768 2.07453
31 -0.514655 1.2311
1222 -0.269512 1.54479
7311 -0.0122991 2.43846
8163 0.0472623 2.311
1272 -0.31482 1.84861
1962 -1.32223 0.833294
7550 -1.46419 0.768172
1639 -1.34177 0.757143
3536 -0.671089 1.18703
4351 -0.694399 1.11655
6666 -0.558829 1.25546
5270 -0.195299 1.97977
2926 -0.360503 1.86936
3514 0.527962 3.91213
5762 -4.51182 1.06897
1862 -4.56769 1.1017
1231 -0.625806 1.30642
2140 -1.19873 1.06729
8161 -1.5657 0.956611
7129 -1.52034 0.962549
1570 -1.32241 0.93978
3891 -2.15359 1.33204
9592 -0.572998 1.19518
5559 0.214296 2.9805
6249 -0.0419561 2.272
7783 0.0774934 2.29804
7576 0.0815607 2.49187
3500 0.5407 3.98255
7112 0.736892 5.25426
5509 -0.0450506 2.23985
4150 -0.0437022 2.22605
4715 0.0619797 2.35365
5722 -0.285075 2.15408
4455 -0.31125 2.3043
5168 -0.837286 0.931829
8374 -0.841572 1.15493
3661 -0.726522 1.10571
7663 -0.36839 1.57492
4917 0.461769 3.67351
5232 0.482537 3.71391
7323 -0.265435 1.70908
390 -0.428545 1.36658
7626 -0.122672 2.01029
597 -0.188415 1.84089
894 -0.304001 1.50183
8229 -0.471769 1.32538
1926 -0.267597 2.31027
7901 -0.251595 2.19379
5830 -0.340906 2.22234
3802 0.289506 3.4111
1193 0.398285 3.71836
4413 -0.177714 2.62648
1834 -0.996604 1.0068
3944 -0.993669 0.970433
496 -1.08957 0.943319
3284 -0.706803 1.43977
9074 0.473915 3.38792
514 0.186682 3.17235
580 0.196018 2.96168
3378 0.200986 3.05067
4168 -0.211992 1.73704
7486 -1.66961 1.03535
8051 -1.49097 0.998063
235 -1.64427 1.13223
5842 -1.8856 1.27153
1745 -1.51184 1.03448
4396 -1.52783 1.02366
2993 -1.61045 0.993652
7225 -2.17063 1.44514
9907 -2.21335 1.64255
522 -0.00954447 1.76054
8955 0.488082 3.89451
4075 0.487515 3.67142
1954 0.219458 2.97647
1202 -0.0364659 2.19336
3294 0.0320084 2.24092
9166 -0.302543 2.43901
1863 -0.272867 1.61003
3309 0.012402 2.31087
827 -0.0115875 2.90805
1137 -0.170189 2.72667
6627 -1.12594 1.14213
1888 -1.55129 0.993957
9079 -0.558663 1.16337
5700 -1.14201 0.77732
3576 -1.52913 1.01377
3243 -0.0709561 2.36437
1264 -0.096478 2.75194
3138 0.492951 3.65812
3426 -0.554791 1.25857
4353 -0.890371 1.02837
579 -0.335302 1.58905
990 -0.584809 1.35174
6516 -0.00170039 2.37937
2172 0.0434155 2.47002
1143 -0.253145 1.39103
3903 -1.01755 0.919424
2314 -1.06981 0.974173
1183 -0.923103 1.05398
2292 -1.61714 1.06344
3880 -1.69673 1.04
6375 -1.64756 0.999013
6708 -1.71185 1.0291
97 -2.83978 1.05227
2930 -0.0402011 2.19369
9118 -0.124447 2.11964
4944 -0.0756121 2.27725
8092 -0.105894 2.11235
3028 -0.031363 2.7216
4901 -0.107692 2.74494
8318 -0.249304 2.74256
2590 -1.02566 0.961614
8349 -0.0556641 2.21998
3573 0.138412 2.72499
519 0.109224 3.01538
8868 0.026549 2.5347
5874 -0.0450727 2.4434
3377 0.027461 2.46832
792 0.321915 3.17551
6536 -0.00640573 1.92233
6907 0.148048 2.65896
7120 0.137912 2.70827
9662 0.100235 2.56337
7644 0.171056 2.92435
7721 0.119951 3.13281
2243 0.316062 3.13097
3166 0.345375 3.42789
9173 0.532078 4.10381
7266 0.334515 3.0644
3700 -0.404514 1.27675
599 0.228467 2.89945
2126 0.00543078 2.01373
123 -2.51915 0.905788
6760 -2.84419 0.91824
4443 -0.0342373 2.14763
5691 0.233411 2.75979
515 -0.143833 3.1513
4601 -0.0621858 2.85765
9411 0.0190868 2.4928
8308 -0.0674627 2.16034
3256 -0.500964 1.27096
3154 -0.721403 1.06679
1843 -1.00748 1.08128
4321 -0.845007 1.07667
3353 -0.994501 1.04889
339 -0.0680945 2.1399
2611 -0.16964 2.85117
500 0.0985369 2.48481
1477 -0.0399038 2.26833
5819 -0.759462 1.07425
69 -2.564 0.887101
124 -3.24374 0.99845
7903 -3.62334 1.03792
5386 -3.45082 0.997055
8012 -3.97775 1.12659
94 -4.2114 1.1334
4590 0.441667 3.76422
3943 -1.07578 0.937934
83 -1.10435 0.960174
3566 -0.954243 0.928126
6357 -0.187247 1.94689
7456 -4.74927 1.56231
3696 -4.78939 1.53131
6520 0.02361 2.19995
5621 -0.101773 2.06784
8376 -0.00896183 2.41133
7095 -1.63805 1.07283
774 -0.514686 1.22651
4375 -0.0220736 2.83402
5614 -0.150377 2.74815
5628 0.199344 2.56979
7197 0.278239 2.62098
487 -0.701669 1.17759
4244 0.528749 4.02471
1476 -0.161098 2.0405
2490 -0.123197 2.13287
2200 -0.328207 1.47163
5799 -0.517452 1.6
2408 -0.30949 2.39233
1366 -0.113191 1.84162
5237 -0.383255 1.34947
3929 -0.260324 2.0384
187 -4.74335 1.55596
8599 -4.60522 1.46419
139 -0.558913 1.22128
2728 -0.943994 0.980933
332 -1.07161 1.04158
1571 0.0303531 2.30768
9775 0.0527665 2.55454
4051 -0.00583261 2.03885
1591 -0.424395 2.38564
7085 0.401053 3.67383
4481 0.412995 3.64653
2116 0.189468 2.84315
9319 0.0193 2.51062
5668 -0.00522501 2.45326
468 -0.029685 2.23097
2844 -1.05452 1.1515
5942 -1.00606 1.14353
2226 -0.919844 1.12995
1469 -0.982891 1.19226
649 -0.964181 1.10702
6287 0.0170858 2.4455
8596 -0.0311325 2.44931
723 -0.155531 1.76875
5216 0.0541058 2.26966
397 0.599798 4.90485
9519 0.583028 4.55276
3104 0.599663 4.97363
4773 0.332927 3.05256
8010 0.398199 3.28512
9848 0.00377915 2.51378
2485 0.197094 3.17677
9831 0.0589256 3.06285
8381 -1.08745 0.921621
7649 -0.175443 2.27143
7340 0.028543 2.46936
52 0.0678918 2.45968
3751 -0.0610507 2.1164
4515 -0.0756231 2.23864
1289 -0.53523 1.24039
6119 -0.200652 1.74737
5350 -0.113166 2.05661
3936 -0.923976 1.3383
4532 -1.0706 1.43637
877 -0.400485 1.21231
8078 -1.64041 1.03518
2692 -0.889559 1.24773
7835 -0.906233 1.46302
4122 0.0539022 2.50073
7840 -0.320606 1.58446
9588 -0.326213 1.71404
7217 -0.76756 1.69592
6810 -0.879215 1.13693
682 -1.02878 1.07053
1399 -4.62097 1.07243
8252 -4.67634 1.1225
7622 -0.130776 2.67433
2980 -1.20876 0.925538
13 -2.77934 1.08478
3398 -2.10491 0.989591
5159 -2.72136 0.992044
590 -2.73022 1.06021
4488 -2.76921 1.06269
3517 -2.59076 0.988034
6814 -2.57397 1.03559
4867 -2.58455 0.989186
4639 -0.747939 1.09325
3775 0.145952 3.09061
6014 0.171866 3.02027
6353 -0.122979 1.97416
6909 -4.64453 1.19243
4363 -4.71988 1.2273
9897 -4.66029 1.18523
8203 -4.64871 1.19858
6479 0.00194144 2.17979
8629 -1.88207 0.931941
7985 -1.74051 0.934392
3356 -1.88917 1.03374
4731 -4.81789 1.37674
7251 -4.89349 1.38479
4022 0.129248 2.63471
3237 0.0899635 2.73831
4352 -0.934921 1.02714
9459 -0.164058 2.00125
7537 0.00125929 2.21865
2796 -0.193593 1.86297
2446 -1.79707 0.99608
1622 -0.265619 1.61953
870 -1.12732 1.07455
1703 0.197935 3.05787
3946 0.0337176 2.26008
6612 0.105229 2.48374
8348 -0.20713 1.96409
376 -0.191847 1.79366
1170 -0.287661 1.92329
5229 -0.192579 1.85232
2188 -0.880529 1.08745
7517 -0.524412 1.24803
4848 -0.526992 1.25917
1651 -0.174991 1.93644
7242 -0.14839 2.16736
122 0.252296 3.01794
5966 0.274294 3.15119
511 -0.167919 1.93858
4055 -0.41587 2.52357
6355 -0.00921706 2.16894
6367 -1.62672 1.01721
3818 0.0432582 2.45931
3975 -0.12176 2.10049
7258 -0.236057 2.30567
9415 -0.309661 2.3653
1918 -0.10747 2.07152
159 -1.7692 1.0241
4925 -1.48107 0.893116
3263 -1.51663 0.889104
4243 -1.47239 0.906678
4187 -1.97593 1.08039
2411 -2.03003 1.13708
556 0.342567 3.4153
7244 0.0264247 2.59413
3106 -0.22605 1.71799
8332 0.377989 3.34631
1912 0.370371 3.51012
2675 0.412001 3.63179
1600 0.311172 3.33289
794 0.332771 3.48648
6962 -2.53824 0.882498
9694 -2.3903 0.834141
2698 -1.98387 0.902578
3055 -1.01083 0.828418
2087 -0.987895 1.28361
3093 0.491166 3.37533
3038 0.427186 3.28985
3210 0.44318 3.85846
9920 0.266855 3.42694
9435 0.253007 3.07646
3968 -3.89916 1.38847
7174 -4.17211 1.49191
3941 -3.95008 1.40749
155 0.269474 2.86562
5548 -0.0964457 2.19837
1818 -0.153283 2.6979
7660 -0.682773 1.27231
7521 -1.47876 1.0181
7196 -4.77471 1.25393
3561 -4.7922 1.27407
4844 0.451277 3.38695
246 0.468526 3.83406
4445 -0.517933 1.28077
611 -0.748756 1.22542
6236 -0.960242 1.08301
442 -0.0503097 2.00176
307 0.48972 4.46235
9878 -0.635391 1.68823
4309 -0.509167 1.50903
4857 -0.49372 1.08457
4959 -0.173161 1.86589
7300 -0.78144 1.10153
6812 -0.897141 0.9302
5037 -0.851479 1.39842
7267 -0.959031 1.59819
5054 -0.504764 2.17936
847 -1.14772 1.19029
4324 0.32922 3.13428
6963 -1.51593 0.99755
9655 0.0111075 2.28232
9736 -0.00830554 2.4008
5266 -3.70583 1.40907
2415 -4.28539 1.58631
3067 -3.65591 1.3776
3137 -3.83175 1.49918
1278 -3.78383 1.38405
6341 -0.107229 2.46021
4291 -2.45215 0.75147
6087 -3.24418 0.953158
3146 -3.15346 0.907991
1771 -3.56947 0.980019
3259 -3.38607 0.938753
8764 -2.92199 0.853837
1491 -4.75501 1.5146
9946 -4.76752 1.49223
156 -1.92698 1.03265
4087 -2.10291 0.981815
3932 -2.07772 1.01373
3194 -1.43827 0.970858
449 -0.094702 1.96745
5735 -0.626423 1.15155
1927 -1.13464 0.907888
4221 -0.784583 1.03144
7077 0.247162 2.74008
5109 -0.180609 2.02976
5096 -0.0762678 4.18778
2777 -0.350177 3.71304
5654 -0.0889748 2.38188
1626 -0.131093 2.43307
7039 -0.210486 1.98285
9776 0.131327 2.74632
7631 0.142636 2.88912
1171 -0.2432 2.23679
7151 -0.0987479 1.85896
3601 0.514752 3.9437
4561 -0.00492654 2.36233
4062 0.280434 3.12576
178 0.284096 3.01839
9713 -0.121981 2.81993
5850 -0.00704052 2.44806
6977 -0.238454 1.99918
2428 0.586799 4.09549
7792 -0.177733 1.84529
7591 -0.0655378 2.23962
3095 0.184557 2.61569
4666 0.37302 3.63576
4968 0.217424 3.07861
4494 -0.0372249 2.3285
3862 0.153374 2.89818
5673 0.139282 2.52869
2404 -1.44551 0.811001
9729 -0.917572 0.828235
4297 -0.871981 1.01101
728 -0.704716 1.08701
1917 -0.362639 1.28316
8945 -0.153034 1.91521
9043 0.753874 5.31382
6661 0.700533 4.99489
1184 0.69234 5.01217
2784 -2.46989 0.891824
8018 -2.40404 0.874244
1319 -2.22083 0.893399
1383 -2.46203 0.921126
3502 -2.38208 0.859568
5481 -2.49713 0.86633
4205 0.0595095 2.34962
444 -0.467901 1.32792
4312 -0.159696 2.00861
7557 -2.10426 0.942412
166 -2.36663 0.93376
8939 -2.44353 0.956279
60 -1.4759 0.841363
2039 -2.4464 0.948159
5248 -4.62272 1.35701
506 -4.6627 1.3852
381 -0.229078 1.64857
7834 0.135502 2.72976
3552 -1.53777 1.02994
8494 -0.43086 1.38461
7820 0.0396581 2.42362
817 0.220369 2.99963
399 0.182499 2.82882
4152 -1.57778 1.02819
4235 -1.68235 0.94142
6792 -0.106834 1.99855
787 -4.6805 1.27853
7218 -4.28006 1.16593
3430 -4.60811 1.2666
7290 -4.32239 1.17363
3633 0.0443427 2.26546
8036 0.0556902 2.2575
3380 0.456904 3.7622
4441 -0.725485 1.08831
1916 -0.645532 1.09447
434 -0.579717 1.11957
1426 -1.16768 0.877254
9131 -4.71458 1.34479
3911 -4.75382 1.38327
1166 -1.63371 1.05403
8782 -1.08706 0.793597
3282 -0.122763 2.0408
6120 0.392465 3.78524
113 0.419767 3.7411
4045 -0.0736431 2.82896
1367 -0.0599671 2.28095
5498 0.0170977 2.49528
9064 -0.137484 2.0745
9017 0.148599 2.84874
1431 -0.43468 1.6505
4519 -0.564977 1.7691
198 0.697156 5.19159
4175 -0.126364 2.11143
3652 -0.936694 1.16301
3725 -0.945163 1.15215
5264 -0.400039 1.33139
7297 -0.179765 1.70575
494 0.0837323 3.10927
9540 -0.00366623 2.36375
6992 -1.05159 0.87659
4621 0.506867 4.09623
5021 0.133325 2.55481
5478 0.0155105 2.25533
4082 -4.71336 1.2494
1813 -4.78219 1.27208
9702 0.552688 3.46957
7249 -0.590654 1.09441
3390 -0.201431 2.42373
7343 -0.296424 2.44244
3960 0.0828492 2.33758
8617 -0.00477837 2.29472
8490 -0.282445 1.5988
188 -0.940842 1.11638
1392 -0.470923 1.35465
8114 0.0315438 3.13638
9840 -4.83828 1.22321
1194 -4.69168 1.20889
7600 -4.6291 1.15211
6519 -4.69938 1.16862
9577 -0.0200242 2.31869
3979 -0.998532 1.07039
8979 -1.57721 1.00724
5094 -0.229162 1.70363
422 -0.189437 2.07406
4580 -0.161652 2.04548
8541 -0.353097 2.24709
7702 0.48634 3.8186
951 -0.0808724 2.03307
1950 -2.05751 0.915898
4777 -1.04775 0.962013
5019 -0.476843 1.39164
9002 0.477111 3.71639
5703 0.481158 3.71196
643 0.472958 3.65731
9170 0.27511 3.15749
1535 -0.0678726 2.74714
553 -0.593897 1.67729
2704 -0.702959 1.69035
7374 -0.992602 1.06542
6439 -1.05893 1.06317
2295 -0.165642 1.87761
874 0.139555 2.74447
1008 -3.9429 1.45048
2153 -4.18163 1.60628
8638 -3.85806 1.48721
309 -3.43023 1.10678
3519 -3.41055 1.03408
5425 -3.4022 1.01967
2772 -2.80797 1.03145
8478 -2.93732 1.09345
4670 -2.89003 1.03581
7851 -3.07479 1.07698
3549 -3.00741 1.06156
7181 -3.05504 1.08354
9441 -1.51303 1.37454
250 -1.92792 0.975386
1198 -2.08657 0.970742
7215 -2.02167 0.982508
901 -4.77443 1.47771
6506 -4.69796 1.43695
2747 -4.78756 1.21295
9001 -4.79671 1.2362
4299 -2.25294 0.889331
8220 -0.218146 1.90392
935 -0.677966 1.39512
1512 0.349811 3.63904
4162 0.212159 2.9638
6062 -0.0461359 2.37955
9752 -4.71327 1.36527
1051 -4.76888 1.42644
5155 -4.2847 1.56656
4334 -4.0262 1.47246
1116 -3.91815 1.41009
2253 -0.209706 1.85641
1887 -0.814618 1.06856
2531 -2.55258 0.872661
5708 -3.48363 0.992804
2991 -4.75896 1.3305
7114 -4.79849 1.33733
8554 -2.19806 0.971675
535 -2.18236 1.03191
3733 -2.31616 0.955946
3317 -2.20558 0.949769
1048 -0.181637 2.33191
7084 0.00275383 2.49528
2964 -0.0503328 2.15013
46 -0.318595 1.87359
8562 0.00491728 2.51073
186 -0.332865 2.19512
4923 -0.242818 3.07881
9244 -1.33529 1.30558
5835 0.109823 2.64821
3103 -1.32993 0.878014
621 -0.0669098 2.06054
2344 0.162873 2.53303
4855 -0.231172 2.16988
6445 -0.271502 1.68214
1301 -4.76493 1.11115
5542 -4.85043 1.14773
4057 -1.83375 1.05347
9353 0.040755 2.24881
7911 -0.626381 1.11727
563 -4.10833 1.46216
9115 -3.8484 1.38049
3826 -3.77647 1.34905
2521 0.224786 2.88774
476 -4.19136 1.60684
6570 -3.96666 1.48608
7396 -3.876 1.41498
9262 -0.122534 1.94021
782 -0.480964 1.21941
1425 -4.6923 1.20537
8783 -4.6817 1.21256
349 -0.650819 1.19902
445 -1.65905 1.01357
4132 0.273058 3.08121
8276 0.215154 2.7686
2393 -2.35225 0.923271
3128 -2.95835 1.01821
6602 -2.6223 0.940405
3743 -2.15473 0.898926
5710 -0.0298333 2.13855
7447 -1.52496 1.0232
5787 -0.261696 2.13437
1481 -0.32368 2.27983
4657 -0.288719 1.6072
6803 -0.012619 2.36169
548 -0.107532 2.0105
436 0.0456467 2.58109
7855 -0.19793 2.35534
984 -0.391923 1.35113
2466 -0.629235 1.57901
4947 -0.816286 1.22683
7936 0.592452 4.25659
1333 -4.64631 1.2077
5812 -4.69997 1.22341
3355 0.742796 5.28448
5794 -0.249439 1.86818
137 0.462759 3.47488
4303 -0.632554 1.06986
6112 -0.795943 1.19862
4198 -0.182336 1.98394
3495 -0.293768 1.36753
5557 -0.270641 1.58608
51 -2.53809 0.859766
3707 -0.235758 2.62343
4302 0.023709 2.47307
3367 -0.035686 2.81841
5980 0.0131316 3.16041
943 -1.32723 0.847449
3264 -0.372851 1.34455
2746 -1.57899 0.950113
5444 -1.73074 1.04187
1631 -1.1221 0.934279
754 -1.2535 0.915774
4007 -1.17232 0.890449
2548 -1.21312 0.950883
521 0.462177 3.89194
538 -4.85793 1.24131
9461 -4.8196 1.20512
4571 0.297825 3.35505
5569 -1.07781 0.85213
4800 -1.59276 0.89526
5946 -1.99657 0.893384
360 -1.90476 0.832952
9349 -0.0764542 1.82946
9207 -1.00084 1.10291
9506 -0.975407 1.124
982 0.246997 2.7497
4514 0.0187856 2.37747
4106 -0.0453185 2.20479
9472 -0.0709679 1.96986
3130 0.00356769 3.01492
9499 0.50349 3.87532
5595 0.497968 3.87167
5916 -4.30297 1.68779
287 -3.9532 1.51815
7823 -3.91846 1.50987
5004 0.0106131 2.21125
5428 0.293912 2.8736
9201 -0.126726 2.84152
5892 -0.794237 1.13964
7971 -0.960096 0.975195
9223 0.00318434 2.50767
7410 0.365834 3.65979
707 0.366559 3.50794
9119 -3.76535 1.31626
5873 -4.2848 1.48332
4811 -3.79184 1.3991
7999 -4.00084 1.47475
3062 -1.39801 0.960271
9193 -0.179614 3.03272
6525 0.245552 2.75838
3295 -1.005 1.04942
1297 -0.0164323 2.67487
9004 0.422175 3.64455
2203 -0.456073 1.97292
585 -0.0614475 2.13073
2508 -0.791582 1.12862
9549 -4.81171 1.184
5175 -4.86198 1.19126
5770 -0.0162873 2.83246
3916 -0.128151 2.73839
2416 -0.38668 1.45439
512 -0.469261 1.41683
284 0.641854 4.73902
6327 0.629848 4.70231
2526 -4.90362 1.31112
8295 -4.9087 1.30612
62 -0.201037 2.78077
4329 -0.220688 1.66403
7738 -0.273313 2.29369
6101 -1.21579 0.826234
1238 -4.85009 1.26856
6768 -4.86787 1.25461
3971 -1.08907 0.961461
948 -1.41071 1.02214
4156 -1.57703 1.0975
2021 -2.09272 1.18862
6563 -2.37914 1.10021
1464 -0.459501 1.37548
3790 0.0261893 2.25845
6766 0.153438 2.71744
4157 -0.744474 1.19163
1163 0.300423 3.27076
3657 -1.03551 0.952716
483 -4.76991 1.2004
5164 -4.70352 1.19086
9140 0.0352358 2.7488
1644 -0.12542 1.89764
1543 -1.09723 1.35705
6884 -1.47709 1.18441
3487 -1.71747 1.33791
5289 -1.35308 1.12235
5318 -3.78742 1.44698
3590 -4.13274 1.56177
6855 -3.85287 1.43438
3387 -0.648563 1.19378
4707 -4.68213 1.18521
1754 -4.73166 1.17853
7580 -0.209281 2.01121
326 -0.851083 1.19139
5909 -0.0382903 2.24767
5390 -1.0614 1.03741
2941 -1.1821 1.14487
881 0.166719 2.68688
1942 0.305486 3.31216
8956 0.296628 3.20023
2566 -1.07282 0.966146
4181 -0.0911408 2.66905
4077 -0.013157 2.45846
5013 -1.65187 1.01596
711 0.441511 4.09729
107 -2.74316 1.06723
220 -1.32791 0.893447
5706 0.0188366 2.54032
1563 -0.84424 1.22575
3283 -0.329999 2.74938
4428 -0.607474 2.10339
8804 -0.68986 2.14527
2257 -0.387642 2.2149
7831 -3.84879 1.40529
1187 -4.17965 1.54837
7640 -3.87294 1.46897
8157 -4.78978 1.45651
3899 -4.90204 1.49637
5279 -0.922916 1.04819
660 0.635904 4.37843
3201 -2.04692 0.979114
890 -1.36247 0.851795
7101 -0.571072 1.39207
9055 0.0211339 2.28872
8303 -1.71401 0.799504
179 -4.81722 1.3592
517 -4.76459 1.35919
2211 -4.71223 1.51009
642 -4.6572 1.44185
3705 -4.88345 1.56496
3279 -4.8803 1.57332
1688 -0.413692 2.76564
872 0.172829 2.7162
9923 -0.851208 1.06597
2537 -0.110681 2.775
3571 -1.15421 0.940868
3739 0.30056 3.78036
416 -1.0648 0.985778
5541 -1.24385 0.936935
3710 -1.53387 1.01522
6531 0.2792 3.36491
1178 0.249001 3.43533
4184 0.25697 3.39572
6440 -1.08966 0.911577
9732 -0.965707 0.860017
1963 -3.54233 1.09769
4402 -3.57126 1.09706
1550 -2.62068 0.925936
9251 -2.64037 1.02051
3428 -3.52013 1.13803
2567 -3.61025 1.13772
1160 -1.58983 0.820218
2234 -0.321057 2.13657
271 -0.897657 0.78939
4231 -0.12842 1.79833
6133 -0.899946 0.985008
5304 0.0435295 2.64005
5963 -0.751287 1.00233
3289 -4.75663 1.22442
320 -4.80645 1.21714
5111 -3.93511 1.45024
3012 -4.11208 1.57933
1830 -3.6971 1.37125
4753 -0.90858 1.05289
9099 -1.1901 0.813436
9009 -4.7441 1.57362
1252 -4.7086 1.57121
6349 -0.636262 1.09259
8712 -4.93009 1.30515
212 -4.8341 1.28189
1906 -0.900254 1.16121
458 0.377348 3.64555
8772 0.0657006 2.94611
386 -1.06851 1.15313
6394 -4.69811 1.50301
5797 -4.69514 1.44903
6530 -0.808538 1.53943
9467 -3.82208 1.40436
8412 -4.17368 1.51041
1635 -3.84997 1.38686
6247 0.32912 3.82236
6288 -0.182172 1.79349
7148 -4.79356 1.32818
2275 -4.70993 1.35532
5954 -4.72117 1.41254
1762 -4.76333 1.43102
2343 -1.32998 0.891613
6979 -3.59084 1.09032
5477 -1.40097 0.838527
2555 0.0629583 2.93776
362 -0.271942 1.79254
7618 -4.77101 1.23595
3032 -4.68448 1.20388
126 -4.71326 1.43937
8925 -4.76734 1.3966
7449 -0.334389 2.7676
3171 -4.72118 1.3603
6581 -4.7229 1.35012
1326 -4.79993 1.24242
3752 -4.87863 1.2748
2908 -4.79527 1.48223
7485 -4.7304 1.46539
9805 0.377832 3.3606
1964 -0.405929 2.35417
2080 -4.72451 1.1307
295 -4.66752 1.10933
577 -1.62789 0.997231
6910 0.307141 3.49268
268 -4.86371 1.42961
9789 -4.89193 1.42104
6343 0.121543 2.92902
4533 0.00924101 2.94156
4093 0.69243 4.69152
223 0.535918 4.04467
5826 0.61105 4.17192
2385 -1.8938 0.952468
788 -3.74859 1.34318
2511 -4.06749 1.45027
450 -3.85692 1.36936
9744 -4.76319 1.34505
7643 -4.80918 1.37845
8814 -0.298063 2.46853
9737 -4.81909 1.32297
2839 -4.7308 1.30197
1117 -4.7281 1.24386
7884 -4.72763 1.26659
3180 -0.333591 2.22504
7149 -0.942825 0.998362
6094 -4.73337 1.22251
2517 -4.80712 1.22672
127 0.1689 2.77572
3049 -4.92498 1.4538
2498 -4.90605 1.47743
664 -0.32792 2.11631
5945 -4.78082 1.22259
2311 -4.77223 1.23191
6630 -4.59884 1.42154
5309 -4.66446 1.43817
6841 -0.597681 2.71746
9303 -4.7094 1.21165
1705 -4.68261 1.20937
3627 -4.62327 1.26184
2146 -4.60151 1.28019
5768 -4.81209 1.32013
2180 -4.80041 1.31575
5863 -0.835232 1.5214
3117 -3.57797 1.41668
1361 -3.9461 1.54823
1359 -3.71474 1.46193
4778 -0.300101 2.44649
355 -4.13583 1.52378
9427 -3.95319 1.45955
1485 -3.76544 1.36307
6983 -4.67318 1.36241
3473 -4.80232 1.41739
9842 -1.78965 0.959191
3172 -4.69246 1.2377
8377 -4.77269 1.26384
1601 -4.68624 1.41851
5977 -4.63086 1.39679
9685 -1.31851 1.21419
4617 -4.72949 1.28026
2238 -4.69 1.29306
8395 -4.82326 1.25282
2461 -4.83141 1.26665
4678 -4.80518 1.13879
3054 -4.78704 1.15152
9658 -0.554871 2.7982
6711 -4.80737 1.26169
4053 -4.814 1.26758
5202 -3.9432 1.49664
7928 -4.11175 1.56604
5271 -3.73073 1.4064
9247 -4.78515 1.35989
3546 -4.74973 1.34516
9458 -4.7996 1.38806
670 -4.74643 1.36777
561 -3.8902 1.38919
5457 -4.15512 1.50137
9761 -3.89855 1.41415
4562 -1.77983 1.06716
769 -4.17138 1.52739
8995 -3.89909 1.383
9981 -3.88758 1.42521
4829 0.187681 3.4801
6697 0.142085 2.49069
572 -4.83144 1.35013
5217 -4.70333 1.35943
6185 -4.22381 1.22915
8056 -4.5055 1.25663
9941 -1.94983 1.02188
6144 -1.66944 0.963714
1427 -4.96165 1.32282
4877 -4.81819 1.31498
766 -4.81423 1.38939
5524 -4.81551 1.39498
3543 -4.7373 1.23763
2657 -4.81382 1.27537
5895 -3.99906 1.49465
3345 -4.18079 1.51953
8326 -3.73304 1.34055
889 -4.67161 1.43776
3108 -4.72662 1.4269
6553 -0.420633 2.75859
4140 -4.87457 1.21572
203 -4.87168 1.21463
2992 -4.05868 1.51081
970 -3.81207 1.37557
6820 -3.66732 1.36581
4615 -4.63212 1.17717
1286 -4.67394 1.21255
8123 -4.79401 1.31055
1162 -4.83658 1.34325
7284 -4.78952 1.4588
6173 -4.79266 1.47019
969 -4.84451 1.19829
5009 -4.76718 1.17229
4976 -4.10663 1.49544
6317 -3.74038 1.35049
1027 -3.77699 1.41682
7116 -5.00158 1.27207
6469 -4.99375 1.27624
8893 -4.8293 1.22478
4186 -4.89422 1.24303
9823 -4.81694 1.34114
7240 -4.79252 1.351
4031 -4.73739 1.47749
9395 -4.78993 1.5028
2943 -3.72086 1.30346
8008 -3.99784 1.38822
1239 -3.6933 1.21962
4129 -3.81186 1.26212
6945 -4.11881 1.36848
9987 -3.8808 1.28424
4318 -4.85636 1.41096
5907 -4.76633 1.36916
8522 -4.74692 1.16215
7018 -4.73792 1.16505
1135 -3.78134 1.47247
3053 -4.28573 1.76807
2719 -3.84077 1.47582
4693 -3.82811 1.46628
9240 -4.67985 1.14965
130 -4.62198 1.15334
5439 -3.97586 1.43232
7605 -3.69817 1.29879
6450 -3.76396 1.37182
3123 -4.23111 1.62988
3127 -3.79913 1.41378
4510 -3.89686 1.52393
829 -3.74063 1.40581
6539 -4.80309 1.23567
3640 -4.79738 1.23747
40 -4.79929 1.42365
7200 -4.73412 1.37956
3591 -4.96201 1.14525
8399 -4.90395 1.12696
1990 -3.67315 1.19657
5675 -4.10608 1.33126
1460 -3.89212 1.3005
2830 -4.90232 1.22545
8404 -4.89238 1.23225
5587 -4.72153 1.39772
1693 -4.69551 1.40921
1919 -4.61294 1.11266
697 -4.60997 1.11717
66 -4.72871 1.30045
2637 -4.69121 1.28739
600 -4.80197 1.49275
8809 -4.8451 1.53034
7078 -4.78336 1.25463
2760 -4.78231 1.27116
5823 -4.7366 1.26756
6148 -4.65772 1.24465
454 -3.69113 1.15867
5224 -3.85635 1.26276
474 -3.58233 1.15195
