1939 2
4489 -3.33121 0.186091
4400 -3.08888 0.243119
4172 -1.40857 0.681373
3512 -0.611353 1.71261
3527 -0.868798 1.27917
204 -0.75806 1.53841
1363 -1.08991 0.995925
4251 -1.10191 0.930985
2046 -0.980958 0.979259
3757 -1.08665 1.00485
1316 -1.1834 0.792149
1352 -1.0678 0.97117
192 -1.11782 0.851745
1396 -1.09958 0.900374
1714 -1.11546 0.855275
1839 -1.02982 1.01763
1185 -1.13518 1.11349
4315 -0.857677 1.27344
2230 -0.942875 0.985578
3099 -1.95799 0.470105
1868 -1.11346 1.16742
1828 -1.10793 1.13471
1556 -1.06922 1.14255
1670 -1.16052 1.09544
3237 -1.71333 0.581079
2642 -2.15425 0.443364
3429 -2.27293 0.401617
4291 -2.60786 0.282536
4773 -2.68685 0.322968
4320 -1.85985 0.546928
2600 -2.56474 0.284009
3013 -2.43143 0.318359
3897 -2.59229 0.282578
5231 -2.23004 0.370823
3904 -1.86614 0.518899
2012 -1.80179 0.480168
2198 -1.23182 0.755345
3781 -1.83698 0.442856
4694 -1.8495 0.444716
4918 -1.70095 0.583256
3725 -1.49092 0.83409
5283 -1.07341 1.29559
3915 -0.738925 1.6632
3988 -1.66126 0.58432
5228 -2.469 0.335418
5286 -2.6443 0.303503
4148 -1.66024 0.48017
5700 -2.06931 0.428219
2045 -1.87785 0.417898
5205 -2.35811 0.324678
2125 -2.60806 0.372583
2459 -2.69501 0.299607
2122 -0.863119 1.21322
2118 -0.851142 1.15896
1656 -1.18852 0.782345
4365 -1.48958 0.604797
425 -1.09124 0.806906
1899 -1.28614 0.758963
1890 -1.27425 0.758033
1860 -1.29136 0.748258
1771 -1.09973 1.10444
823 -0.990367 1.03845
309 -0.944022 1.07241
2701 -1.00911 1.11166
2992 -0.977289 1.03581
2158 -0.898523 1.22842
2505 -1.01807 1.02128
223 -1.06241 1.08219
2296 -1.61745 0.614338
1856 -1.02696 1.22188
1 -0.934394 1.07241
421 -0.589166 1.87105
198 -0.614045 1.97275
144 -0.66628 1.89507
161 -0.627038 2.37997
366 -0.793985 1.20918
283 -0.711506 1.44109
508 -1.09872 0.997327
488 -1.09361 1.10673
331 -1.05364 1.08863
361 -1.56035 0.603112
3573 -3.12862 0.217094
3455 -2.80435 0.286298
1991 -1.88865 0.536475
1832 -1.63465 0.567904
1271 -2.26667 0.401457
2625 -2.50526 0.397165
3219 -1.42772 0.648905
4209 -2.47095 0.344462
5529 -2.54887 0.329885
4649 -2.34786 0.335795
4921 -1.62753 0.633625
3640 -1.48061 0.681471
5577 -1.63813 0.612541
3707 -1.66426 0.578191
3465 -1.49883 0.590862
2204 -1.82212 0.513444
1850 -1.87875 0.502016
2290 -1.99869 0.465574
132 -0.605721 2.04146
28 -0.664711 1.84958
374 -0.693665 1.80455
950 -0.614521 2.40395
931 -0.640547 2.22211
2266 -0.705369 1.44777
3378 -1.28372 0.780204
3366 -1.46081 0.677325
5649 -2.67582 0.313
238 -0.81387 1.21283
64 -0.582467 1.93
547 -0.765568 1.39209
633 -0.587523 2.64915
554 -0.572338 2.26039
5030 -0.666992 1.57204
350 -0.732031 1.56827
542 -0.844434 2.07995
480 -0.799301 1.96078
1063 -0.74164 2.36101
1092 -0.794078 1.94652
1127 -0.816004 2.01281
978 -0.727256 2.50391
923 -0.645549 1.81104
938 -0.587428 2.25401
875 -0.691933 1.45872
687 -0.651833 1.73319
865 -0.709918 2.31516
2860 -1.0895 0.80815
3735 -1.62937 0.622717
3923 -1.5605 0.594271
4163 -1.61831 0.581335
230 -1.06977 1.00504
101 -1.1104 1.09214
3338 -1.04408 1.12264
2963 -1.62681 0.578191
2725 -1.62606 0.576634
3966 -0.992065 1.05614
3759 -1.00866 0.986493
3374 -0.937305 1.13091
3744 -1.15189 0.805289
2795 -1.17489 0.753725
1922 -1.13441 0.949395
4179 -1.13221 0.963826
1964 -1.08256 0.820241
1977 -1.16271 0.75482
1788 -0.726967 1.46932
1322 -0.625916 1.59163
2034 -1.042 0.903691
1819 -0.919836 1.03381
1803 -1.14781 0.762135
2030 -1.33782 0.680866
57 -1.0684 0.895126
1689 -1.68735 0.495885
4546 -1.79258 0.411922
2028 -1.38367 0.733809
3466 -1.90851 0.55625
1976 -2.04693 0.508529
2214 -0.898884 1.04542
2351 -0.477949 2.09639
2746 -0.580045 3.78831
2744 -0.538248 3.31228
2745 -0.53178 3.89733
4618 -0.730502 1.26845
1843 -0.876045 1.54425
1615 -1.05147 0.995387
3398 -0.893032 1.0463
1948 -1.10058 1.05835
1528 -1.32046 0.768247
3926 -2.04499 0.452049
3129 -1.49979 0.796753
3885 -1.84917 0.712291
4019 -1.85034 0.671168
3761 -1.86877 0.61712
625 -2.11071 0.376636
2485 -1.12088 0.8904
2535 -1.17865 0.830877
1810 -1.95657 0.475891
2132 -1.50567 0.600199
35 -1.5196 0.71434
4065 -2.2483 0.41772
4206 -1.8559 0.59031
3805 -1.4875 0.690757
3631 -1.53244 0.688948
2475 -0.956385 1.09211
1752 -1.03665 1.0326
3921 -0.941137 1.1447
6 -0.986723 1.19222
258 -0.968058 1.45471
259 -1.03839 1.63064
2165 -0.957367 1.14206
729 -0.92814 1.09844
1744 -0.958744 1.08568
2052 -1.02889 1.16542
1773 -1.27634 0.954487
1817 -1.52443 0.758322
1693 -1.16183 0.877605
2293 -0.901133 1.38451
2022 -0.935228 1.93584
1765 -0.927032 1.27936
732 -0.925701 1.29407
3314 -0.914768 1.22086
1018 -1.55234 0.583517
3916 -1.85469 0.577627
3624 -2.20734 0.41931
1675 -1.83527 0.448731
3820 -2.32464 0.323689
5403 -2.39802 0.323675
3714 -2.00485 0.434649
1953 -1.03731 1.10927
2895 -0.90936 1.15757
2635 -0.993383 1.09159
2756 -0.967871 1.16799
2397 -0.691221 1.59847
209 -0.786644 1.75568
1338 -0.773078 2.09855
135 -1.05895 0.986814
5574 -1.9132 0.521753
3367 -0.996434 1.15205
2794 -1.59639 0.590213
3670 -1.6688 0.567725
3669 -1.6593 0.587766
4006 -1.74964 0.52527
3475 -1.8486 0.467409
2067 -1.34229 0.753401
4222 -1.02721 1.10993
2126 -1.11379 1.1346
3445 -1.44863 0.715589
506 -1.04955 1.16831
2164 -1.2187 0.869268
2512 -1.26542 0.8184
3139 -1.20371 0.700641
2513 -1.44021 0.641801
4671 -1.51249 0.671489
3908 -1.66805 0.636956
2769 -1.48107 0.605324
2089 -1.31828 0.732635
1317 -1.18813 0.788765
1376 -0.887147 1.1703
1917 -1.21006 0.740164
41 -1.06023 0.849849
1436 -0.805225 1.17866
4254 -3.05588 0.246802
4875 -2.27159 0.392833
4459 -2.60523 0.287818
1859 -2.97121 0.496044
1746 -1.27286 0.778447
592 -0.702639 1.67096
634 -0.634583 2.30277
644 -0.662545 2.75699
787 -0.584514 2.3649
788 -0.625924 1.80189
2877 -0.577584 2.36634
206 -0.609347 2.39998
233 -0.570395 2.80932
273 -0.627266 2.58405
282 -0.608257 2.58546
697 -0.678245 2.19598
742 -0.623096 2.11839
973 -0.730409 2.93566
981 -0.935806 3.16542
982 -1.06434 3.16314
882 -0.83916 1.17275
1315 -0.764974 1.41498
621 -0.746447 1.27313
4599 -2.15396 0.352796
4430 -1.90166 0.54531
1548 -1.69466 0.628725
3239 -2.32724 0.421831
3197 -2.0358 0.478695
446 -0.941236 1.19444
3540 -0.968404 1.55844
3369 -0.934101 1.55299
3627 -0.853668 1.60423
544 -0.616474 1.52774
925 -0.67306 1.73068
2162 -0.876152 1.16774
3476 -2.62006 0.405977
304 -1.3097 0.691231
4519 -1.80433 0.521874
3878 -1.51372 0.64118
3381 -1.69002 0.596443
3572 -1.28816 0.831246
5005 -1.3143 0.792168
1512 -1.33403 0.786557
1735 -1.17781 0.863674
664 -0.933057 1.02684
1201 -0.751974 1.21221
4787 -0.818335 1.2456
2507 -1.06069 1.14928
3333 -1.33627 0.664703
1443 -0.888566 1.13371
2934 -1.80412 0.515268
13 -1.084 0.909276
1804 -1.19281 0.807869
4940 -2.67894 0.363593
4890 -2.4716 0.377483
104 -0.604131 1.43141
4654 -3.56136 0.275046
3791 -3.26844 0.251015
4531 -3.25945 0.253178
3790 -3.35322 0.217592
3787 -3.39676 0.22517
481 -2.46398 0.323685
3195 -1.91483 0.486672
3232 -2.31102 0.41477
2437 -2.22579 0.448076
2343 -2.16325 0.426478
3233 -2.19199 0.392855
3998 -2.3586 0.370857
4554 -2.71982 0.359703
3598 -2.68426 0.384515
4279 -2.12508 0.450462
4278 -2.07831 0.498542
5315 -1.24013 0.811625
3828 -1.92507 0.42642
4693 -2.76863 0.27754
4644 -2.92874 0.292803
4434 -2.97811 0.28863
4360 -2.95628 0.30354
3413 -2.80041 0.394546
905 -1.37252 0.67975
3313 -1.35796 0.736901
2233 -1.26375 0.773605
1993 -1.29689 0.812053
546 -1.38226 0.688355
3841 -2.14026 0.398046
2002 -1.41714 0.77043
1543 -1.42701 0.769778
1544 -1.53123 0.75847
2472 -1.60642 0.654475
3803 -2.60453 0.287629
4084 -2.84806 0.276975
3815 -2.18461 0.333113
4453 -1.49515 0.574565
4197 -2.38197 0.365575
2131 -2.11047 0.478667
4295 -2.27272 0.342645
4884 -2.00284 0.439613
4269 -2.06009 0.529378
4461 -1.77159 0.503022
1451 -1.15954 0.935699
2495 -2.42963 0.337185
3774 -1.57153 0.701293
2356 -1.35349 0.901097
2578 -1.04401 1.13835
2524 -1.03095 1.21415
2127 -1.04637 1.19981
1562 -0.858097 1.4324
1905 -1.0447 1.2262
775 -0.665752 1.99275
1555 -0.960763 1.06698
1591 -0.872622 1.14985
1566 -1.02382 0.972309
270 -0.625964 1.51361
472 -0.467917 2.21877
433 -0.496657 2.08819
423 -0.490822 2.11323
4325 -1.46263 0.794682
4188 -1.33964 0.915007
5609 -1.96974 0.36857
5316 -2.4366 0.336054
4899 -1.98942 0.455297
5200 -2.16879 0.398681
4611 -2.61793 0.315814
5251 -2.58337 0.319857
5449 -2.24304 0.378045
2942 -1.75014 0.495197
2017 -1.44615 0.574536
3794 -3.21557 0.240505
4637 -3.40411 0.285109
832 -0.61446 1.67514
1034 -0.656357 1.52109
1334 -1.39906 0.657606
7 -0.65434 1.73508
166 -0.605267 2.33428
158 -0.590104 2.71214
532 -0.577912 2.69242
1926 -1.49035 0.748041
5755 -1.48125 0.760545
4844 -2.37006 0.339394
4397 -2.53208 0.314621
4553 -2.87861 0.23919
5554 -2.57274 0.474543
5553 -2.94119 0.406811
5596 -3.21634 0.517965
5656 -3.19786 0.590101
5831 -2.23598 0.331556
2657 -2.04141 0.268363
1849 -2.13187 0.388433
2712 -2.03777 0.260288
4619 -2.10091 0.295331
4779 -0.895555 2.3023
1894 -0.835565 2.34026
4466 -0.879897 2.6957
4949 -0.862655 2.6461
4650 -0.873252 1.59389
4812 -0.775142 1.39189
3879 -0.769131 1.40084
3047 -0.601191 1.62265
2110 -1.92425 0.467776
5759 -1.95015 0.557066
4137 -1.95153 0.538815
5635 -2.74005 0.30105
4089 -2.63628 0.380552
3596 -2.75292 0.388138
2349 -1.72647 0.434522
2243 -1.22168 0.81971
4361 -1.92903 0.507364
4635 -1.84512 0.465424
3345 -1.25935 0.778432
5569 -1.09574 0.814189
1951 -1.07001 0.830695
149 -0.655635 1.72218
313 -0.561991 2.9657
45 -0.612274 2.56138
318 -0.574945 2.78144
225 -0.693201 1.99824
1375 -0.779141 2.02052
1073 -0.666721 2.09294
550 -1.05064 0.92235
5443 -1.94944 0.581735
5581 -1.67662 0.705341
3666 -3.77655 0.232487
3721 -3.55363 0.242746
1437 -3.75153 0.260013
3504 -3.63131 0.241863
3524 -3.83179 0.235337
3731 -3.70422 0.242766
3578 -3.18324 0.233678
4776 -2.10235 0.383237
5101 -1.50764 0.601588
2252 -1.19498 0.799367
2408 -1.42591 0.650254
312 -2.40974 0.341548
3698 -2.3976 0.379569
4364 -1.34211 0.82372
4266 -1.29763 0.987383
4953 -0.882548 2.55565
2781 -0.884861 2.58877
2647 -0.701662 3.20045
3018 -0.739959 1.69947
3901 -0.764169 1.91935
4078 -1.10949 1.17146
5882 -1.12106 1.042
2085 -1.44109 0.893465
1400 -1.40948 0.708236
3040 -2.36414 0.398493
3000 -1.89404 0.536519
3520 -2.81686 0.353972
1204 -1.57174 0.764871
1502 -0.836053 1.09846
1028 -0.665524 1.44798
1730 -0.798758 1.53562
15 -0.632917 1.59342
239 -0.649492 2.04089
36 -0.662089 2.03018
266 -0.695612 1.92004
937 -0.978935 1.02234
3722 -1.63511 0.621532
2880 -2.21526 0.347908
4253 -2.20558 0.351788
3837 -2.54587 0.347004
2388 -1.73043 0.536324
5212 -1.70376 0.544342
4708 -2.56575 0.350318
3980 -2.94213 0.319238
3268 -2.56562 0.345882
2318 -1.66624 0.551825
2641 -1.05901 0.828209
2858 -0.989472 0.980854
3042 -0.967708 1.13749
2119 -1.26408 0.700218
1608 -0.849616 1.52071
1332 -0.612241 1.65047
1162 -0.639469 1.65387
2947 -1.51583 0.754736
2848 -1.59465 0.599138
3319 -1.32269 0.679983
2809 -1.66428 0.586035
2838 -0.827142 1.18396
3489 -1.41332 0.66653
2805 -0.593333 2.35849
2782 -0.755914 4.02847
3086 -0.856907 2.65884
4948 -0.85359 2.69865
4474 -0.801102 2.5245
4934 -0.80287 2.46495
4950 -0.854232 2.52653
4938 -0.719332 1.96224
2346 -0.813297 1.47801
899 -0.723128 1.46014
1239 -0.560368 2.03354
1243 -0.550525 1.94331
1607 -1.31084 1.22094
1568 -1.64833 1.5642
1707 -1.8273 1.74886
2710 -0.970964 0.930321
1529 -0.729091 1.40733
523 -0.579883 2.18128
689 -0.619162 2.80978
1914 -0.569463 2.60291
222 -0.674723 2.10825
629 -0.63464 2.40057
295 -0.710346 2.55927
702 -0.561951 2.21797
642 -0.795193 2.7626
815 -1.03986 3.2997
2909 -1.9257 0.732064
5361 -2.73981 0.300948
5111 -2.6573 0.324514
3637 -2.72373 0.32811
3270 -2.59015 0.350252
2090 -1.16431 0.763062
2076 -1.38834 0.671517
3346 -3.30962 0.327168
3113 -3.12777 0.322081
5285 -3.0044 0.36594
4838 -3.06511 0.466971
4247 -1.59638 0.551126
1576 -0.921713 1.22204
1757 -0.951048 1.21879
4224 -1.00877 1.12193
632 -0.58328 2.02067
561 -0.556081 2.5294
4914 -2.76997 0.299025
33 -1.82758 0.515323
1639 -1.5401 0.593446
2823 -0.744079 3.88473
5002 -0.882485 2.59313
4952 -0.862946 2.68377
734 -1.21701 1.59777
739 -1.25534 1.91175
895 -0.921859 1.41278
408 -0.628445 2.17254
720 -0.619491 2.14998
401 -0.763483 1.54093
3263 -2.48794 0.336878
3271 -2.59892 0.370833
2950 -2.02861 0.454637
3012 -2.16388 0.392371
4636 -2.0913 0.387756
3649 -2.26188 0.366185
5636 -2.46619 0.437576
5712 -2.57793 0.359986
5691 -2.48412 0.393417
5472 -2.40047 0.331344
1565 -1.31757 0.692486
1366 -1.10399 0.831589
4590 -1.01107 1.48604
1713 -1.16394 1.00813
2064 -1.00873 1.25889
2173 -1.29428 1.36608
2932 -1.55839 1.53668
96 -1.07467 1.0234
107 -0.864903 1.26733
81 -0.730013 1.66539
80 -0.705949 1.72174
1368 -0.596767 2.347
1107 -0.64141 2.17321
202 -0.712036 1.6133
763 -0.616955 3.01702
416 -0.611905 2.63213
3451 -2.8395 0.257883
4806 -3.00527 0.209794
4598 -3.12271 0.232206
4668 -3.30798 0.24587
4515 -2.80975 0.334004
4622 -3.16276 0.27902
4655 -3.23995 0.255626
1815 -1.9725 0.384742
1386 -0.881605 1.21084
1629 -1.23036 0.816971
1257 -0.671018 1.69272
113 -0.689132 1.39719
72 -0.662183 1.57231
1292 -0.622262 1.63909
2499 -0.876758 1.64959
415 -1.14187 0.992452
3279 -1.03659 0.964436
1800 -1.03203 1.17156
1945 -0.881339 1.18146
1580 -0.807478 1.61697
537 -0.882307 1.1104
896 -0.758182 1.2683
1731 -0.930277 1.16632
395 -0.823551 1.21938
3119 -1.89182 0.573808
1412 -1.98019 0.6617
3250 -1.98598 0.524389
2610 -2.10305 0.466701
1620 -1.398 0.685686
5236 -2.01156 0.443568
5268 -3.02552 0.3035
4252 -1.56291 0.650418
4236 -1.44821 0.689414
4277 -1.74809 0.544178
4597 -2.93742 0.301255
4621 -3.37896 0.204131
4038 -3.1234 0.190889
593 -0.615975 1.85362
2778 -1.75603 0.546104
1053 -0.714345 1.34299
1383 -0.763766 1.24956
1628 -0.79141 1.54705
681 -0.621337 2.66787
1269 -0.57974 2.88526
779 -0.637155 2.2657
353 -0.871569 1.15407
1990 -1.06966 0.993429
1643 -0.664075 1.68363
1612 -1.30071 0.842252
4641 -1.91155 0.570089
3699 -2.64914 0.279473
3049 -2.17407 0.431979
1069 -0.766113 1.33504
4852 -1.64567 0.54868
4334 -1.88308 0.48029
3003 -2.59835 0.379321
5481 -2.64928 0.368859
4176 -2.52047 0.374134
2344 -2.60472 0.361606
4001 -2.99142 0.280917
576 -0.596769 2.24684
507 -0.568801 2.3465
757 -0.5608 2.34539
522 -0.708689 1.37479
4114 -1.49657 0.691115
1487 -1.21352 0.820397
1811 -1.29982 0.802225
1937 -1.30081 0.841855
780 -0.680896 1.48616
538 -0.811014 1.16592
1094 -0.648622 1.6784
241 -0.740962 1.43774
25 -0.967937 0.916235
4633 -1.6891 0.506967
2044 -1.64148 0.562081
2 -0.688763 1.72622
2322 -1.54998 0.642769
958 -0.656538 3.13187
1129 -0.526898 2.98579
1353 -0.793029 1.19931
1833 -1.10746 0.924627
1774 -0.951455 1.10042
2841 -1.00995 1.13258
2599 -0.993365 1.11781
3756 -1.04102 0.979623
2154 -0.958511 1.15844
1585 -1.13642 0.875428
1267 -1.4753 0.658287
1397 -1.43175 0.69258
5276 -2.76447 0.279972
2114 -1.07848 0.849447
5207 -0.809064 1.38766
3093 -0.787635 1.55791
3651 -0.657825 1.69994
4957 -0.84971 2.50786
4175 -0.856145 2.50232
3772 -2.87345 0.300236
4539 -2.89459 0.379463
4828 -3.02354 0.163725
4990 -1.4378 0.871221
4983 -1.59657 0.988038
5921 -2.15072 0.46966
5377 -3.11156 0.244049
2438 -1.32989 0.694532
921 -0.574197 1.96417
443 -0.816563 2.97778
936 -0.732881 3.03221
885 -0.839239 3.68885
946 -0.754922 3.70808
1100 -0.633314 3.31772
608 -0.708534 1.55672
647 -0.558963 2.01828
2473 -0.848424 1.31456
1508 -1.16202 0.971706
5056 -1.83837 0.534446
2574 -2.53277 0.349756
1919 -2.09371 0.466962
3452 -2.53685 0.360628
3223 -2.36824 0.385839
2763 -1.57996 0.567792
3055 -1.71567 0.542864
2923 -1.19062 0.812554
280 -1.0845 0.874149
410 -0.818386 3.24509
501 -0.755773 3.05536
4337 -1.81419 0.572847
4214 -1.88087 0.551964
1690 -1.04988 1.0751
743 -0.612891 2.35743
797 -0.62345 3.06143
954 -0.603244 2.90904
468 -0.644948 1.69989
492 -1.09119 0.959354
1114 -0.74641 1.37986
5274 -1.47124 0.738334
5920 -1.50166 0.662885
4385 -1.36333 0.792762
3726 -1.17105 1.07596
3373 -0.88642 0.976273
2063 -1.71693 0.54686
908 -0.67741 1.80139
3107 -2.53004 0.339532
2944 -2.57086 0.426469
2755 -2.30549 0.524274
3630 -1.70207 0.492692
3236 -1.79468 0.492506
2835 -1.73575 0.496682
1525 -1.03371 1.11315
4382 -1.98493 0.519592
4420 -2.02003 0.542711
4986 -2.31524 0.327967
4991 -2.58639 0.309622
5204 -2.42266 0.329957
5182 -2.62423 0.30979
5291 -2.66733 0.288222
5314 -2.75827 0.323398
3974 -2.28676 0.212584
2453 -1.54081 0.714734
606 -0.845707 1.15204
4363 -1.61321 0.601244
2754 -1.89155 0.44628
4094 -1.71589 0.541266
3752 -1.65831 0.499921
2941 -1.65585 0.539723
1226 -0.507689 2.16156
418 -0.609076 2.66065
1664 -0.804353 1.12113
4309 -2.47411 0.419069
4442 -2.41964 0.39085
1764 -1.60133 0.591728
178 -0.685377 1.56708
245 -0.791072 1.47662
167 -0.834058 1.44319
1453 -1.29344 1.37792
2500 -1.39801 1.48371
2700 -1.02431 1.06053
5676 -0.98276 0.896339
4231 -1.60335 0.549775
4198 -1.79676 0.534274
2167 -2.02253 0.480621
4378 -2.22277 0.389498
4416 -1.57673 0.555986
3746 -2.05869 0.418148
785 -0.640126 1.84454
3734 -0.98143 1.18857
2399 -0.982988 1.17552
2222 -0.973229 1.61702
1932 -1.01908 1.18835
69 -0.718378 1.55992
2262 -1.29667 0.716759
4205 -0.572997 3.29352
3178 -0.451173 1.52068
3480 -1.52237 0.678498
5998 -1.45363 0.703206
1044 -1.04119 1.09127
1820 -1.00844 1.2903
1348 -0.796166 1.21617
1360 -0.677191 1.34137
3173 -2.57067 0.388739
3738 -2.63667 0.362688
4402 -3.0423 0.231553
4520 -3.29543 0.201382
4233 -3.72181 0.241074
4617 -3.18129 0.178256
3823 -2.7846 0.317689
4407 -1.02912 0.911343
545 -0.882635 1.15036
5482 -1.39084 0.819003
5601 -1.40451 0.804668
5515 -1.53744 0.725442
2822 -1.38357 0.74452
4203 -1.59597 0.522857
3673 -1.59193 0.589449
841 -1.07416 0.77287
5525 -1.62772 0.620596
4490 -2.44086 0.387797
3549 -1.66904 0.510242
5353 -2.44216 0.309758
5827 -2.07268 0.501396
4898 -2.1589 0.469735
3436 -2.43213 0.32601
1526 -0.896254 1.28518
4406 -0.950744 1.08981
159 -0.991194 1.0768
2702 -1.00833 1.02375
5915 -1.4985 0.746134
2623 -1.93802 0.589936
2621 -1.90258 0.521155
1778 -1.35308 0.741095
1791 -1.3877 0.719098
4302 -1.67666 0.501184
3976 -2.62704 0.47366
4565 -2.82311 0.39115
2898 -0.992209 1.02972
2516 -0.966899 1.04378
2589 -1.68059 0.583205
811 -0.61638 2.72178
2086 -1.68028 0.815831
2424 -1.06391 0.957404
1499 -1.10793 0.886689
3522 -0.56271 1.81932
4075 -0.76879 1.15239
4261 -0.864616 1.3848
2619 -0.947611 1.10506
2066 -1.35104 0.727166
2093 -1.50917 0.879544
4733 -3.44996 0.249931
3330 -3.34542 0.252309
4116 -2.60541 0.392328
4268 -1.9196 0.570387
3020 -2.31285 0.422483
3481 -2.07766 0.453087
2257 -2.09301 0.432056
5227 -2.14173 0.474063
3653 -1.84839 0.444842
3749 -1.35803 0.665287
4904 -0.879586 2.60694
4976 -0.85053 2.76385
4151 -0.849306 2.66079
4107 -1.12291 0.935407
4833 -1.91646 0.449554
5450 -1.43142 0.702936
256 -0.595755 2.16232
3149 -0.553927 2.44243
240 -0.581275 2.38708
620 -0.770798 1.41759
619 -0.690156 1.69859
234 -0.550517 2.89844
180 -0.550278 2.19035
4128 -0.542444 2.9475
3935 -0.766277 4.12653
4120 -0.695049 4.17692
4122 -0.534639 3.18294
2851 -0.544145 1.81986
3765 -0.537 1.82151
4977 -2.70915 0.343339
2048 -2.84709 0.433229
4025 -2.7925 0.424641
3927 -2.73594 0.475214
3814 -2.25909 0.357542
1978 -1.16168 0.711513
3785 -1.58023 0.533116
4267 -3.46064 0.173464
5073 -2.86725 0.329858
4370 -2.52031 0.343305
4613 -1.06045 1.06219
781 -0.826619 1.60202
29 -0.663069 1.64636
2514 -0.950522 1.10048
2040 -1.76958 0.653605
4246 -1.14758 1.05487
3309 -1.06443 1.11609
2928 -1.10949 1.05745
4532 -2.10879 0.500724
5610 -2.33133 0.26017
4452 -2.60078 0.256752
4802 -2.21929 0.362017
4791 -2.56037 0.263586
2558 -1.11347 0.965367
1876 -1.08398 0.989816
3613 -2.39824 0.344559
3182 -1.74159 0.542411
3342 -2.59972 0.388841
5337 -2.79147 0.267426
5320 -2.69803 0.277275
4804 -2.18195 0.375622
1653 -1.08156 1.10207
1281 -0.896398 1.18544
3434 -1.00824 0.98209
2177 -1.43682 0.724205
3318 -1.41525 0.722475
799 -0.570809 2.49608
476 -0.584392 2.77702
794 -0.601286 2.97542
791 -0.586116 2.94575
1186 -0.588776 3.04568
949 -0.559526 3.12363
4922 -1.57409 0.780827
2160 -1.09376 1.16843
1967 -1.00746 1.11594
181 -0.639986 2.30095
653 -0.609823 2.33853
526 -0.63899 2.26524
1154 -1.02865 0.900046
4384 -1.77347 0.56762
3404 -1.9936 0.68397
4846 -2.50663 0.26314
4612 -1.58043 0.676831
1601 -1.60266 0.657432
2102 -1.1788 0.788086
827 -1.08058 1.19685
935 -0.774772 1.57895
1570 -0.784498 1.62541
1736 -0.983206 1.78618
1739 -1.05614 1.93939
5193 -2.46184 0.312668
62 -0.815205 1.10883
5616 -1.20493 0.645691
2194 -1.02899 1.10137
3750 -0.99346 1.18542
4048 -2.0847 0.571725
4350 -1.77106 0.548279
4374 -2.10179 0.53139
5523 -2.01759 0.428092
5638 -2.08411 0.508976
1877 -1.14436 0.802766
5025 -1.32205 0.736865
2097 -0.614808 2.20848
39 -0.637041 2.32535
37 -0.593849 2.31211
4659 -3.46064 0.254227
4586 -3.14743 0.290305
1871 -0.992012 1.09625
722 -0.987288 1.20974
2035 -1.18079 0.980318
251 -0.741671 1.6423
272 -0.648809 1.66288
3251 -1.15289 0.909076
5189 -1.30652 0.797703
491 -1.25773 0.73063
4366 -2.38565 0.321177
5612 -2.68743 0.308439
5524 -2.39618 0.298315
3623 -2.58219 0.373707
3571 -2.46154 0.417845
862 -0.882062 1.36966
1885 -0.98434 1.04234
984 -1.05314 1.13929
3167 -1.80717 0.411701
2412 -1.84531 0.490342
1988 -1.42671 0.743782
1413 -0.658735 1.79438
484 -0.617058 2.62931
1217 -0.662149 2.1114
2210 -0.540574 2.20028
3589 -0.56631 2.42493
1513 -0.539532 1.8192
1350 -0.549231 2.51142
1312 -0.648747 2.09416
1371 -0.762673 2.85639
419 -0.869268 3.04394
452 -0.672214 1.57516
1933 -1.48401 0.920365
1949 -1.50466 0.916362
3886 -0.800856 1.30871
4174 -0.775259 1.39564
4753 -0.781021 1.45787
5384 -0.79924 1.414
2806 -0.949779 1.10055
1930 -2.06378 0.466713
2962 -0.959892 1.14724
3502 -1.54387 0.722173
2004 -1.0755 0.993128
2958 -2.64033 0.36723
1955 -1.19962 0.94082
4656 -3.34359 0.239971
3793 -3.27094 0.223013
3795 -3.44444 0.281825
3788 -3.39899 0.264174
4458 -3.34062 0.236651
3786 -3.18893 0.274225
3830 -1.53111 0.825315
2223 -1.56629 0.841774
2088 -1.58283 0.870577
2104 -1.58695 0.837993
1864 -1.10474 1.15215
4860 -1.42071 0.732105
5318 -1.21123 0.827155
5688 -1.17799 0.754534
5506 -1.37755 0.741156
5840 -1.56826 0.599132
530 -0.590271 1.82355
837 -0.596753 3.12922
750 -0.64179 1.96746
2686 -2.67684 0.343748
3854 -2.61271 0.458135
3905 -2.78433 0.629847
5054 -2.30819 0.369461
5139 -2.47564 0.359002
4867 -2.43366 0.319518
207 -0.825669 1.22863
2016 -1.3778 0.685906
1970 -1.25893 0.911923
809 -0.972079 1.23389
540 -0.765229 1.34092
5817 -0.90089 1.03835
5634 -1.43709 0.686768
5065 -1.49793 0.709015
1066 -0.762486 1.29007
1394 -0.848281 1.15292
539 -0.891626 1.2287
224 -0.640288 2.31605
3327 -2.8132 0.333961
5971 -2.94717 0.304128
5922 -2.52929 0.377349
5565 -1.41666 0.597298
5457 -1.44749 0.637038
2707 -1.16414 1.02337
1392 -0.823926 1.25449
2123 -0.988754 4.54782
5427 -1.13827 5.07463
1939 -1.06735 4.59098
4540 -0.879999 2.60499
2889 -0.843813 2.64432
4954 -0.844522 2.45065
4956 -0.739527 1.79321
4897 -0.75747 1.83954
3260 -0.586564 1.91197
4958 -0.69326 1.95464
4073 -1.54684 0.74141
4227 -1.80019 0.614659
3956 -1.81249 0.988533
3153 -1.96302 1.05877
4514 -1.39615 0.843465
5591 -1.6816 0.530675
3172 -2.64258 0.329008
3188 -1.71455 0.495938
4992 -2.80987 0.366663
5345 -2.10626 0.703916
5448 -1.93005 0.672863
5312 -2.34742 0.805523
5661 -1.36747 0.772799
2565 -1.75384 0.489848
1557 -1.65094 0.566943
2728 -1.9139 0.478332
2587 -1.45043 0.668476
4284 -3.16033 0.230309
4736 -3.73832 0.255335
2404 -3.03903 0.310999
4345 -3.42269 0.241399
1286 -2.86747 0.329786
3577 -3.19228 0.123316
4134 -2.88194 0.573878
4809 -0.911858 2.53786
3880 -0.96656 3.02402
5151 -1.09531 3.19565
1896 -1.38753 0.73325
2115 -1.08519 0.843812
1784 -0.960265 1.27678
1986 -0.801007 1.27142
4275 -0.938943 1.16971
1792 -0.979917 1.09314
920 -0.629504 2.06979
1021 -0.691498 4.04911
1012 -0.65474 4.17829
917 -0.610713 3.41398
1227 -0.818105 1.5217
4062 -1.77579 0.566157
3023 -3.70603 0.237768
2398 -0.967459 0.903016
1882 -0.944059 1.2792
1904 -1.05354 1.2568
1527 -0.937755 1.13799
2885 -0.834271 1.55705
5489 -2.79725 0.238483
708 -1.03313 1.06357
2182 -1.52599 0.826061
5654 -1.39216 0.617093
802 -0.650819 2.10782
886 -0.5896 2.2317
4010 -0.949136 1.20428
1037 -0.893638 1.36986
749 -0.936111 1.31165
393 -0.687204 1.84082
748 -0.899575 1.40158
2176 -1.77425 0.548464
4255 -2.77119 0.371947
4033 -2.75386 0.423194
4217 -3.28028 0.513641
4443 -2.67009 0.404282
4139 -2.79608 0.428327
5686 -2.24858 0.42207
5124 -2.819 0.37506
4685 -3.41694 0.210883
4570 -3.0541 0.242627
5052 -3.64077 0.245614
4244 -3.84292 0.250113
115 -1.12059 0.992791
5593 -1.08614 0.993133
535 -1.15723 0.983458
5381 -2.93368 0.26012
5501 -2.27273 0.33963
5505 -2.34275 0.362085
1802 -1.49997 0.611039
913 -0.71218 1.74515
3797 -1.18684 0.841973
3592 -2.51655 0.373299
2897 -2.8488 0.327322
3497 -2.97858 0.266208
843 -0.765953 1.93295
1222 -0.804791 1.46343
1048 -0.769257 1.96932
820 -0.686371 2.06158
667 -0.606421 1.90723
4088 -1.95848 0.491457
3460 -0.922956 1.17475
2406 -0.517265 1.92331
2969 -2.55423 0.334696
3142 -1.87618 0.546934
2070 -1.34438 0.723655
2618 -0.535224 2.1639
231 -0.564072 2.20945
2747 -0.599955 3.85974
2749 -0.587743 3.8087
1972 -1.09468 1.08084
856 -1.00337 1.05525
1704 -1.08675 1.17948
3919 -1.22766 0.740363
4666 -3.17256 0.24199
5180 -1.55109 0.741146
5294 -2.62552 0.266132
5632 -2.7413 0.346038
5928 -1.7163 0.549685
2455 -1.02492 1.18366
1701 -0.76178 1.19688
705 -0.648058 1.55556
2146 -0.875887 1.24972
417 -1.04903 0.867449
4935 -0.782488 1.66796
4525 -0.772838 1.62539
1209 -0.834738 3.21417
1110 -0.732089 2.75432
1065 -0.759976 3.33183
496 -0.651326 2.13575
462 -0.582149 2.31122
652 -0.54981 2.40893
499 -0.581922 2.24848
435 -0.583138 2.78582
171 -0.57878 2.67801
315 -0.603182 2.78393
176 -0.57089 2.77318
54 -0.555239 2.9641
1724 -0.818327 1.26258
3576 -2.64686 0.359114
1488 -0.859599 1.29837
1164 -0.792145 1.94945
578 -0.70638 2.72056
2812 -1.06451 1.11547
1070 -0.714705 2.11901
1805 -1.01687 1.18544
1884 -1.11024 1.19242
1754 -1.02469 1.1832
1865 -1.02432 1.25078
1981 -0.996256 1.19521
5447 -0.751863 1.44818
4265 -0.810631 1.35541
5441 -0.805176 1.39433
1490 -0.801744 1.46525
112 -0.556432 2.09184
153 -0.631013 2.27619
3063 -0.987493 0.999451
177 -0.969676 1.12095
2141 -1.39202 0.690901
2538 -1.23946 0.827548
5631 -2.74621 0.383329
5522 -1.86232 0.478018
5413 -2.0921 0.454237
4882 -2.16271 0.518081
2470 -2.61974 0.397915
1145 -0.69038 1.71089
1133 -0.645496 1.85422
710 -0.753187 1.11317
3515 -2.74039 0.382416
3981 -2.49434 0.42728
1147 -0.759177 3.01384
955 -0.581847 3.05507
845 -0.603196 2.98457
1119 -0.745408 2.16452
909 -0.639637 2.21626
1254 -0.561392 2.80988
854 -0.517199 2.79165
1232 -0.616656 2.27962
1057 -0.628409 2.57739
733 -0.699593 2.77337
1074 -0.635159 2.67107
778 -0.676807 2.03102
1042 -0.622297 3.26623
967 -0.584937 2.47746
977 -0.636007 2.29995
835 -0.629163 2.12841
495 -0.562246 2.19418
822 -0.813282 1.41336
1851 -1.23782 1.2214
2656 -1.48876 0.990149
1289 -1.4697 0.658669
133 -0.860457 1.00593
2355 -1.01293 1.04191
2960 -1.68703 0.548595
3574 -1.73678 0.481707
1624 -0.921624 0.958442
3597 -1.46151 0.592446
2447 -1.45318 0.610416
2448 -1.71792 0.872833
2428 -1.912 0.910558
1840 -1.11053 0.95715
5717 -1.53201 0.738872
2133 -0.636723 1.35724
1992 -0.675064 1.33256
4928 -2.20047 0.453789
1198 -0.666716 1.97108
1342 -1.02989 0.895605
1719 -1.2401 0.721145
986 -0.80229 1.30256
1318 -1.34669 0.695137
1052 -0.972399 0.95391
244 -0.741778 1.62967
4638 -3.30162 0.150131
4167 -1.60934 0.542765
2378 -0.862235 1.669
2624 -0.951435 1.51107
3501 -1.29006 0.890035
988 -0.622316 2.18778
1806 -1.02156 1.22143
2000 -1.06849 1.1615
3241 -2.7012 0.343055
3234 -2.3345 0.233585
2688 -2.59188 0.333106
3252 -2.47045 0.380215
3617 -1.50279 0.67135
494 -0.874541 1.42616
5530 -1.00294 1.04787
3641 -2.13727 0.535186
4330 -0.748908 1.42016
5029 -2.63974 0.214901
4228 -2.04422 0.56375
3105 -1.97308 0.53137
5860 -0.949473 1.18515
5408 -2.0376 0.405685
2303 -2.16579 0.37976
5642 -3.1449 0.263619
4250 -3.34254 0.612946
1538 -0.721156 1.4197
1262 -0.668219 1.56242
1347 -0.861083 1.19923
5451 -2.31876 0.413646
5284 -2.25567 0.405463
4963 -2.12452 0.464954
4630 -3.19676 0.161506
4389 -3.1364 0.208378
2626 -2.66275 0.446292
4328 -2.71165 0.239394
3760 -0.995558 0.997619
4819 -2.70326 0.37395
5221 -1.08398 1.14808
5814 -1.69659 0.5248
3396 -1.27978 0.969906
2079 -1.08657 1.16984
5213 -2.55899 0.281842
4932 -0.821481 2.46184
4951 -0.886163 2.67032
4892 -0.847322 2.45395
4947 -0.822319 2.61778
2037 -1.09651 1.16107
1874 -1.04255 1.24747
1168 -0.617601 3.30623
1539 -0.790835 1.58408
4190 -0.599326 2.45761
1369 -0.779128 1.25706
1143 -0.619388 1.89699
2269 -1.09651 0.906248
3792 -3.30426 0.244761
4675 -3.40367 0.238319
3526 -2.90564 0.446064
3001 -2.87033 0.3923
201 -0.571557 2.90602
307 -0.554409 2.95728
221 -0.57099 2.20208
630 -0.526355 2.64046
2617 -1.72972 0.545579
4960 -1.01154 1.18231
5471 -2.28086 0.341753
3593 -1.07169 1.13164
5607 -0.797962 1.22861
2111 -1.16771 0.805725
2091 -1.56338 0.796793
4676 -3.39888 0.260662
4774 -2.69527 0.368184
4792 -0.855339 2.51149
4559 -2.05844 0.394173
768 -0.655073 1.6229
1290 -0.673572 1.64236
2068 -0.976142 1.19731
2047 -1.0062 1.19166
2299 -1.00914 1.20181
5479 -3.23163 0.229404
5363 -3.01548 0.265213
1600 -2.66643 1.40212
1572 -2.89668 1.41791
134 -2.83313 1.47318
5521 -1.24304 0.795501
143 -0.730185 1.58812
774 -0.84006 2.19064
249 -1.00822 2.31115
661 -0.675213 2.16965
21 -0.566698 1.95976
579 -0.589909 1.81078
358 -0.613508 1.85443
363 -0.803716 1.2504
276 -0.58547 2.37896
262 -0.668738 1.66522
3193 -0.858047 1.34017
3259 -0.908724 1.46057
3273 -0.906562 1.27161
3287 -1.0036 1.18616
3564 -0.641121 1.61672
1023 -0.624025 2.26988
3656 -2.2293 0.400717
4805 -2.5359 0.314915
2297 -1.05731 1.00752
1040 -0.588761 1.87386
805 -0.589457 2.30548
725 -1.21812 3.23365
3681 -2.12633 0.431943
1008 -0.588812 2.20142
5913 -1.09766 0.97191
3804 -2.29932 0.320572
4445 -2.62666 0.395078
4697 -2.77045 0.424305
4173 -2.74501 0.338401
3155 -1.24572 0.856114
3422 -1.18669 0.861637
380 -0.879828 1.31022
372 -0.687924 1.92932
186 -0.803967 1.33358
1478 -0.731317 1.34513
2477 -0.553007 1.70081
906 -0.811142 1.36647
469 -2.08223 0.582314
711 -2.23936 0.703431
2328 -0.740177 1.09395
639 -0.623738 1.90824
4 -0.605557 1.58325
319 -0.620053 2.5116
1302 -0.599532 1.95711
4778 -1.73258 0.505232
4419 -3.07439 0.359379
4513 -3.002 0.474616
3715 -2.88917 0.498949
3663 -2.51958 0.393501
120 -0.826083 1.24131
716 -0.767869 1.44211
803 -0.607015 2.77652
1244 -0.593795 2.85318
5144 -1.57374 0.761308
2229 -1.08007 0.951155
541 -0.522652 2.00663
628 -0.601869 1.76589
1377 -0.723527 2.06686
842 -0.716822 1.93242
680 -0.609257 2.27631
3807 -1.42888 0.668168
3963 -1.59333 0.878206
747 -0.947419 1.35527
1469 -1.04514 0.957351
5987 -1.27212 0.657581
5234 -2.54278 0.301361
4185 -2.95155 0.183264
5476 -2.91047 0.209489
3887 -2.52569 0.386436
2987 -2.28265 0.589669
4380 -2.16096 0.509043
2676 -0.467302 3.50649
5551 -1.8394 0.472808
3743 -0.848742 1.12244
2961 -1.68008 0.583925
3850 -2.72824 0.330083
4273 -1.98812 0.514413
5157 -1.31883 0.765036
1001 -1.1933 0.837633
4211 -1.26173 0.753551
53 -0.585316 2.80592
3492 -1.46853 0.717318
2188 -1.58757 0.526269
2498 -1.74256 0.523781
3144 -3.10392 0.273672
2430 -2.29127 0.416519
2142 -0.842062 1.2368
1619 -1.4307 0.64326
4868 -2.14463 0.431863
3244 -2.69666 0.324477
5109 -2.78051 0.325498
5108 -2.51 0.30289
2374 -0.588838 1.67332
5432 -1.49866 0.746009
1846 -1.0356 1.13961
1422 -0.735822 1.94887
1296 -0.675702 2.481
3486 -0.592286 2.30136
1229 -0.635814 2.45145
4286 -1.38155 0.700349
1575 -1.01327 1.01109
1756 -0.798678 1.45665
1661 -1.20631 0.800468
4424 -3.13095 0.142626
2464 -3.42544 0.209658
4657 -3.23092 0.183929
1411 -0.570682 1.98087
3488 -4.27729 0.285034
4234 -4.14505 0.369864
3414 -3.83746 0.189318
5259 -1.95345 0.501385
3411 -0.999453 1.13881
635 -0.951613 1.01174
1879 -1.02217 1.27585
330 -0.599703 2.11135
2226 -1.53633 0.803489
1782 -1.04364 1.17998
1944 -0.956642 1.08514
459 -0.78114 3.0079
320 -0.789305 3.2425
214 -0.805948 3.27761
456 -0.772962 2.95138
558 -0.795299 3.32864
889 -0.786771 3.24064
575 -0.824483 3.17266
1148 -0.76591 3.13623
60 -0.701859 1.8532
3443 -2.24944 0.393102
559 -0.862418 1.3758
2731 -2.33282 0.246817
5839 -1.43337 0.749562
3427 -2.47449 0.335032
3789 -3.26749 0.262482
1599 -1.02446 0.896962
4673 -3.43416 0.250344
4707 -3.1906 0.222484
2740 -1.44517 0.808484
4079 -1.40166 0.781413
2113 -0.933274 1.07958
2275 -1.12275 0.897804
2258 -0.88972 1.13339
861 -0.702712 1.8551
2187 -1.29595 0.797874
3603 -2.82514 0.221702
2108 -0.863988 1.18574
5623 -1.44813 0.787505
1247 -0.809407 1.39183
891 -0.718164 2.40558
383 -0.763912 2.43469
5412 -1.54238 0.643875
777 -1.0032 1.22297
2208 -0.99765 0.974062
5559 -1.26418 0.79446
5440 -1.26353 0.781192
4352 -1.07092 1.17239
1131 -1.1127 1.10876
1872 -1.02933 1.20467
4161 -1.15829 2.03319
3353 -0.993216 1.86565
4955 -0.860056 2.55366
4808 -0.846834 2.56084
4810 -0.829103 2.67052
2480 -0.732073 1.89574
2307 -0.811508 1.90423
2434 -0.764572 2.05757
3978 -3.38257 0.187812
2767 -2.07285 0.508144
2392 -2.19131 0.433115
4857 -1.12145 1.0124
5000 -1.19563 0.997325
394 -0.63558 2.07995
3881 -1.78901 0.555036
3531 -2.06678 0.498338
2145 -0.888277 1.23376
4841 -2.72058 0.341786
1759 -0.831699 1.24407
4324 -1.5082 0.566918
1455 -1.121 0.891268
3397 -0.929512 1.07776
2552 -2.84634 0.4264
4421 -2.95027 0.382053
730 -0.613606 2.85442
1176 -0.577397 2.77787
690 -0.611355 2.85217
2556 -1.13463 0.748405
4529 -0.86488 2.56937
4959 -0.861537 2.65224
5795 -1.78487 0.492795
3454 -2.67656 0.370679
4919 -2.70237 0.362194
4405 -2.13756 0.531861
901 -0.633501 2.42127
760 -0.593582 2.41901
943 -0.564777 2.23826
1942 -0.639447 2.35049
3217 -1.96939 0.533289
2306 -1.25096 0.7963
5013 -1.77611 0.541215
1481 -0.566052 2.40863
1880 -1.05204 1.17359
5508 -1.5974 0.665635
1126 -0.750668 1.85639
3946 -1.59191 0.794031
3719 -2.57725 0.35819
4492 -2.25379 0.380372
2777 -1.14581 0.867155
784 -0.628901 1.642
1134 -0.588141 1.83398
4549 -6.32064 0.315583
1550 -5.57423 0.286585
3642 -6.21094 0.260717
4240 -5.37934 0.250471
4313 -1.73446 0.48869
3246 -2.35169 0.3937
1215 -0.51021 1.89869
3556 -0.590109 2.00059
3552 -0.724437 1.23826
3565 -0.647073 2.05371
3569 -0.589598 2.34575
78 -0.59011 2.27366
688 -0.557455 2.69596
1333 -0.56088 1.74224
1013 -0.825884 2.29448
819 -0.78212 3.27742
5756 -1.40136 0.713788
4102 -1.6589 0.602309
5887 -2.46029 0.38036
5975 -2.34484 0.396013
55 -0.562046 1.90635
1298 -0.614325 1.77918
3269 -2.51551 0.352197
217 -0.575135 2.37428
252 -0.61948 1.93045
3713 -1.14685 1.02373
5570 -2.46555 0.290878
403 -0.618595 1.97151
165 -0.620519 1.92773
1916 -1.92444 0.545821
5296 -2.62844 0.268304
4239 -1.71699 0.478276
5442 -3.09218 0.177609
4235 -3.62652 0.261278
4900 -2.06152 0.422747
1762 -1.03784 1.18332
3405 -2.94082 0.393703
5145 -2.90696 0.291763
5117 -3.16317 0.307319
5897 -1.56406 0.713327
4491 -2.67995 0.234614
5757 -1.63233 0.554593
5602 -1.4988 0.770284
5685 -2.9579 0.25876
4304 -2.43063 0.341568
2622 -1.99383 0.491305
2691 -1.55854 0.727129
378 -0.610697 2.43938
2069 -0.884058 1.23169
4415 -2.79245 0.404343
4422 -1.91894 0.541736
211 -0.769383 1.61838
1674 -1.04483 0.835636
5264 -0.968551 1.11124
4472 -0.6831 4.17888
2645 -0.910694 1.16563
4276 -1.99337 0.564691
286 -0.598618 1.99355
2391 -0.930094 1.06888
5129 -2.11912 0.39595
5080 -2.44086 0.316947
2234 -1.01299 0.939315
2649 -1.30515 0.748198
3347 -3.64336 0.271728
3168 -2.89702 0.362867
2859 -0.651706 2.18767
2367 -0.755474 1.96621
5824 -1.58238 0.601325
5048 -1.23411 0.740673
430 -0.545028 2.34984
1252 -0.672176 1.40191
4592 -0.663303 1.63302
399 -0.94798 2.32892
4339 -1.81497 0.394545
1921 -0.998967 1.09561
1938 -2.79247 0.338853
1109 -0.647861 2.19964
1853 -1.03497 1.19642
1912 -2.65736 0.369007
1650 -0.807531 1.47784
4483 -3.28376 0.165183
3349 -2.41975 0.254763
4518 -2.23301 0.344685
511 -0.864671 1.12773
3406 -1.20525 1.03472
291 -0.764048 1.61396
1005 -0.590104 2.25915
2661 -1.23814 0.828761
992 -0.637555 2.16873
4007 -2.61381 0.292789
3584 -2.563 0.418647
3582 -2.67736 0.382779
2019 -2.17611 0.435926
2503 -0.866318 1.47761
2658 -0.920148 1.55318
2486 -0.950808 1.54008
1855 -0.846067 2.0366
2014 -0.82739 2.12689
2095 -0.851148 2.04045
3176 -1.55293 0.666311
3316 -1.09657 1.08686
902 -0.764375 2.00894
1636 -1.64857 0.468767
3832 -2.80062 0.327383
2977 -2.68853 0.379915
3779 -3.06481 0.553454
3600 -2.58211 0.379369
3264 -2.49853 0.344323
4788 -2.47278 0.322943
5789 -1.1478 0.803467
4734 -2.92832 0.31758
5127 -5.6955 0.267889
5125 -5.68631 0.269949
4543 -3.33769 0.125502
2919 -0.883075 1.82269
5667 -0.807819 1.9402
2922 -0.865694 2.0159
1272 -0.799215 1.93144
4132 -2.89707 0.358978
5544 -2.54881 0.219171
346 -0.802564 2.29352
3513 -0.562394 1.85444
1231 -0.537697 2.88826
146 -1.17351 0.759002
2665 -1.08499 1.08754
2845 -2.61019 0.364052
3922 -0.768735 1.41979
3847 -0.746983 1.38011
4999 -0.835699 2.32269
4993 -0.951074 2.60793
212 -0.748498 2.05149
4667 -3.36987 0.261772
5626 -1.47371 0.758028
390 -0.74703 3.84503
391 -0.733418 3.90907
863 -0.892725 4.39876
2286 -1.55082 0.89937
2903 -1.54397 0.869393
3898 -1.43237 0.962416
3861 -1.52746 0.949421
3185 -2.33068 0.395783
2136 -1.71909 0.596835
1733 -2.55932 0.357039
4754 -2.09277 0.472475
4071 -1.66046 0.737903
3829 -6.75764 0.347705
5826 -6.71688 0.342419
914 -0.584802 3.18044
3291 -2.4469 0.339561
5932 -1.46127 0.718001
846 -1.05411 1.17463
3583 -1.86017 0.433918
5979 -1.50558 0.716599
1787 -0.927044 5.91126
1779 -0.922614 5.89894
3671 -1.22826 1.02486
3567 -0.579172 2.32405
1308 -0.853139 1.12068
4831 -2.71242 0.315412
2876 -2.60904 0.386142
3321 -1.99029 0.549826
2853 -0.987873 1.07725
2954 -0.958725 1.15539
755 -1.36669 1.76233
3703 -2.73805 0.354968
1790 -1.11715 1.05985
4580 -3.29471 0.179764
4113 -2.5876 0.379501
5397 -2.20085 0.416699
2653 -1.47982 0.753244
2150 -1.06927 1.20879
2053 -1.05594 1.08379
801 -1.04304 1.25553
3120 -1.75199 0.508389
1409 -0.942746 2.53418
804 -0.615897 1.87046
1174 -0.617799 2.60072
500 -1.22125 0.838425
4583 -2.07254 0.51268
670 -0.561588 1.92715
616 -0.536248 3.0078
3614 -1.45281 0.765507
838 -0.61369 2.15516
5511 -0.90899 1.01838
915 -0.614482 2.21712
2557 -1.04504 1.00358
953 -0.61274 2.12392
3365 -2.80206 0.304043
3621 -2.63855 0.377763
219 -0.557728 2.42538
1973 -1.04223 1.16101
1852 -1.00657 1.14872
2614 -0.748063 3.73978
2790 -0.716175 3.77107
4930 -0.798556 1.74494
5764 -1.10055 4.66097
5763 -1.34387 5.84305
5762 -1.0855 4.60075
3470 -1.09441 4.54179
5760 -1.02668 4.55053
5788 -1.1262 4.66255
284 -0.610676 2.74914
1956 -1.35623 0.809411
3708 -1.06907 1.22038
5643 -1.75332 0.598843
4487 -2.91726 0.205705
1546 -2.35252 0.314852
2178 -2.24958 0.450112
428 -1.4646 0.750462
1962 -1.09213 1.22329
5483 -3.24873 0.24974
5490 -3.12891 0.149121
23 -0.910716 1.45388
1459 -1.64975 0.699745
3424 -1.45521 0.706687
2315 -0.66531 3.68482
3046 -0.557392 2.5322
1214 -0.727564 1.69103
1149 -0.82108 3.18192
4795 -2.56464 0.435802
1971 -1.35848 0.776271
2580 -1.03497 1.15357
17 -0.564318 2.18279
4661 -3.51161 0.222108
5255 -2.87238 0.333237
4552 -3.28596 0.179981
4499 -3.15911 0.132783
1998 -2.61931 0.293829
3371 -2.17161 0.545652
3903 -1.13459 0.88566
1379 -0.707433 1.81881
5191 -2.5922 0.330382
3611 -2.58133 0.359404
4225 -2.14811 0.37933
5849 -2.28582 0.31817
4446 -1.40814 0.757005
4316 -0.756072 1.41046
1866 -1.03821 1.15542
4321 -1.88999 0.532362
3993 -0.631436 2.31761
3389 -2.0452 0.528888
4274 -2.06774 0.520528
3925 -2.67063 0.347087
4920 -0.836362 2.46114
257 -0.630697 3.21928
336 -0.617472 3.34338
400 -0.618332 3.36399
691 -1.01963 5.86398
831 -1.00396 5.82832
4103 -1.99597 0.53203
4110 -2.8937 0.617836
719 -0.768442 5.70718
597 -0.77842 5.75041
3938 -1.62285 0.800392
77 -0.615516 2.10393
110 -0.651455 2.20882
1923 -1.08923 1.16972
5217 -2.62967 0.28759
359 -1.00599 5.76638
504 -1.03867 5.72919
782 -0.535097 2.0699
1245 -1.50985 0.734767
4241 -0.745351 1.47241
2009 -1.0617 1.12516
3180 -0.594716 1.7609
3997 -2.88242 0.251271
5918 -2.73407 0.302608
2719 -1.40316 0.708124
5414 -1.08374 4.77
5415 -1.25741 5.35229
5420 -1.08564 4.46857
5416 -1.02214 4.65625
2381 -0.93725 1.00107
2244 -1.13956 1.24219
1695 -0.833676 1.20768
3509 -4.51464 0.230295
745 -0.546184 2.93816
1090 -0.829589 2.46425
3165 -0.855233 2.44302
2124 -1.19849 1.00012
5360 -1.10254 4.69031
5359 -1.25764 5.12067
5390 -1.14935 4.53762
5950 -0.71829 4.45176
957 -0.640963 2.87758
1370 -0.682901 2.15091
4204 -0.95312 1.5509
3539 -0.721657 1.52005
1207 -0.670978 2.14102
1293 -1.30303 0.849277
900 -2.63952 0.346998
4600 -2.4436 0.302393
4683 -3.29681 0.221294
5473 -2.08641 0.383062
5969 -1.73609 0.522563
5940 -2.35657 0.36399
4569 -2.70439 0.418449
5829 -1.87028 0.688801
1947 -1.87894 0.795254
1753 -1.315 0.813688
4830 -2.85203 0.126704
5364 -2.39371 0.985141
786 -0.886358 4.15033
2023 -0.856987 1.99285
5801 -2.79094 0.329971
4262 -2.45249 0.35422
3 -0.553537 2.60006
2585 -1.89751 0.53726
912 -0.61094 1.92398
3545 -1.53656 0.656349
1887 -0.920427 1.10027
1277 -1.60722 0.657295
650 -0.941246 1.07441
991 -0.571361 2.13245
603 -0.567744 3.05226
5807 -1.1106 1.19423
4329 -1.07109 1.28824
3664 -2.76211 0.340854
1230 -0.643334 2.35098
1480 -0.587953 2.35652
2900 -6.77147 0.0226641
2892 -6.76464 0.0167156
3768 -2.59174 0.400288
5197 -2.03946 0.403726
4308 -1.05357 1.76921
4789 -0.888665 1.59491
4085 -2.03675 0.469068
5526 -1.61681 0.604756
250 -0.747847 1.66508
5249 -1.17231 0.784835
3758 -3.60754 0.240319
818 -0.725226 1.9632
3216 -2.24817 0.40409
4404 -2.0014 0.557663
3161 -1.00153 1.10214
3403 -1.29043 0.945544
5458 -1.23227 1.34955
1197 -0.581578 2.40972
3506 -4.39565 0.186429
3510 -4.39789 0.195277
3646 -2.03192 0.544479
32 -2.6836 0.36444
2144 -1.113 1.16669
2638 -2.07395 0.451899
3570 -0.596592 2.41355
5958 -0.770503 4.72764
5943 -0.701038 4.45788
5952 -0.487631 3.29508
5954 -0.585429 4.18871
5955 -0.720946 4.46344
4759 -2.65171 0.34203
2906 -2.05964 0.447945
387 -0.715238 1.94926
758 -0.593807 1.79753
261 -0.566719 2.52533
2564 -1.14173 0.712869
3361 -2.37267 0.628353
4136 -1.96675 0.554073
4698 -3.14854 0.288997
4169 -1.77134 0.555368
404 -0.589206 2.77299
671 -0.639501 2.91163
451 -0.738277 1.95241
701 -0.651674 2.67762
5606 -1.34078 0.832572
5613 -1.36596 0.798253
1285 -0.678381 2.12692
402 -0.609635 2.14973
2501 -0.712046 1.93532
3961 -1.56904 0.740878
1473 -0.812901 1.33717
1677 -1.09968 4.61028
1826 -1.28831 5.38822
1798 -1.11285 4.81075
497 -1.07955 4.55949
5549 -1.15126 0.784652
5693 -2.65986 0.389524
800 -0.56177 2.98355
536 -1.01194 1.22778
152 -0.584943 2.81412
4511 -1.76543 0.877509
3036 -0.708262 1.6637
770 -0.493192 2.36849
5417 -6.54021 0.10549
5456 -6.57479 0.102052
4207 -1.07231 1.76412
2209 -0.884913 5.608
2205 -0.898148 5.65426
4184 -1.92491 0.608327
51 -0.845722 2.06776
1341 -0.948811 2.52936
929 -0.873887 5.91255
1311 -0.903335 5.95508
5951 -0.613917 4.23527
1122 -1.08967 5.9726
922 -1.07972 5.94413
1906 -0.900257 5.92221
1908 -0.867882 5.83973
1710 -0.801109 1.26264
2353 -0.71121 1.17454
156 -0.589895 2.73175
464 -6.42874 0.261053
694 -6.43932 0.260713
3629 -0.848177 6.09664
4508 -0.828631 6.11637
1813 -1.02435 5.93817
1809 -1.07301 5.9605
1320 -1.00083 4.78055
1329 -1.09576 5.19982
1327 -0.981046 4.65698
5478 -1.01827 5.88875
5646 -1.02138 5.84563
5659 -0.773839 6.13448
5619 -0.772516 6.12354
564 -0.933804 5.9272
604 -0.957628 6.02207
573 -1.06739 4.67576
1461 -1.21972 5.17732
641 -1.07077 4.65064
883 -1.02336 5.97119
696 -0.998892 5.92022
6002 -1.09573 5.69261
6000 -1.10327 5.75271
2289 -1.06834 4.45005
2662 -1.21137 5.1408
2655 -1.08134 4.74841
4646 -0.894163 5.86388
4660 -0.943165 5.95669
4705 -0.818704 5.60391
4522 -0.835454 5.65269
4571 -0.812811 5.7921
4581 -0.804252 5.75937
1380 -0.899543 5.77588
1345 -0.894748 5.72713
5808 -1.14946 5.8676
5655 -1.14122 5.93835
700 -0.719247 5.81097
752 -0.712962 5.78378
3275 -0.845474 5.75777
4658 -0.834259 5.81904
