359 2
2619 -0.185729 -2.13638
1363 -0.183847 -2.14617
96 -0.219171 -2.11495
2045 -0.239581 -1.83572
241 -0.174797 -2.12418
3966 -0.171654 -2.20043
2702 -0.165555 -2.16998
1670 -0.163151 -2.1972
3237 0.0742256 -3.18459
708 -0.196783 -2.08367
4275 -0.16875 -2.1818
1528 -0.295851 -1.7253
1018 -0.233561 -1.86543
1316 -0.314493 -1.69982
2625 0.0677586 -2.76454
3268 0.199449 -4.54175
2897 0.240278 -4.12633
2642 0.327995 -5.15946
3239 0.240392 -5.37357
3172 0.258652 -4.44835
2688 0.218862 -4.39099
3271 0.239172 -4.46374
3197 0.219982 -4.47577
3264 0.226715 -4.49889
3252 0.256245 -4.3995
3119 0.382343 -5.89194
2835 0.124463 -3.32339
3681 0.346128 -5.45631
1620 0.280435 -4.92141
2178 0.272138 -4.66692
3236 0.259398 -4.70697
2505 -0.175832 -2.08813
3757 -0.301042 -1.69509
1948 -0.437869 -1.53375
1967 -0.311589 -1.76096
1352 -0.358977 -1.69968
4172 -0.268561 -1.71421
1890 -0.255817 -1.70709
3988 -0.317419 -1.62532
361 -0.0166378 -2.55947
1850 0.115715 -4.17657
5449 0.133711 -3.73266
1930 0.146967 -3.65649
5363 0.151792 -3.72013
4833 0.132445 -3.64299
2318 0.198886 -3.8302
280 0.144619 -3.82556
2204 0.153364 -3.86106
1764 0.0283635 -2.94135
3193 -0.226243 -2.04581
3527 -0.209914 -2.15491
1 -0.636556 -1.06069
421 -1.00724 -0.899103
3919 -0.204592 -2.22093
1921 -0.191917 -2.12966
3744 -0.326046 -1.65851
57 -0.476059 -1.25175
159 -0.230524 -2.09651
204 -0.155789 -2.17248
4251 -0.170666 -2.09864
2898 -0.180935 -2.25062
29 -0.240124 -2.52161
1656 -0.250185 -1.84893
149 -0.194662 -2.06237
758 -0.441825 -2.49401
2 -0.301853 -2.36703
2046 -0.238698 -2.00045
1986 -0.218757 -2.07276
2992 -0.176212 -2.15232
908 -0.509959 -1.62088
909 -0.509115 -1.56612
3593 -0.50265 -1.55254
2053 -0.435112 -1.61474
2194 -0.440319 -1.65184
1690 -0.490407 -1.5602
2580 -0.47695 -1.59688
2165 -0.473469 -1.67557
2299 -0.442522 -1.66255
202 -1.20077 -0.880831
1615 -0.438994 -1.53532
2122 -0.608348 -1.51875
1843 -0.606643 -1.38766
1348 -0.275324 -1.75611
4365 -0.320756 -1.67022
3722 -0.23203 -1.88929
1899 -0.277213 -1.69189
2113 -0.491275 -1.60366
2665 -0.498288 -1.62657
2070 -0.494597 -1.54443
433 -1.05181 -0.796178
270 -0.587723 -1.10304
472 -1.06594 -0.807767
423 -1.06541 -0.777771
1951 -0.284336 -1.65941
304 -0.0631715 -2.60413
3640 0.136132 -3.69968
3381 0.136731 -3.87461
2290 0.130426 -3.74322
2131 0.161292 -3.77869
425 -0.268754 -1.7515
1639 -0.243423 -2.13383
1396 -0.298573 -1.7397
146 -0.29217 -1.66618
5817 -0.313739 -1.5687
2068 -0.46404 -1.68258
2455 -0.469936 -1.64279
80 -0.206476 -2.06011
223 -0.169555 -2.09663
2516 -0.244154 -2.01228
167 -0.2032 -2.13034
2962 -0.243428 -2.15097
2322 -0.223122 -2.01977
905 -0.226767 -1.84588
6 -0.206521 -2.19292
1792 -0.207587 -2.00058
1643 -1.37523 -0.603561
899 -1.15028 -0.636452
732 -1.7511 -0.673705
1566 -0.698675 -0.789248
144 -1.83404 -0.756828
224 -2.10359 -0.769639
161 -2.07121 -0.746624
282 -2.07294 -0.774757
661 -2.11606 -0.745109
178 -0.78008 -0.950173
720 -2.28093 -0.756468
697 -2.05724 -0.767557
775 -2.2126 -0.768734
7 -0.958171 -0.807371
537 -2.24561 -0.778401
181 -2.11987 -0.777273
667 -1.94505 -0.770196
484 -2.1039 -0.750967
805 -1.98434 -0.742213
1073 -2.23601 -0.804492
401 -2.06152 -0.73944
153 -2.10056 -0.776306
110 -2.13663 -0.737085
78 -2.15012 -0.751314
408 -2.16493 -0.756162
273 -2.14345 -0.768936
366 -2.13346 -0.738819
1201 -0.21113 -1.8566
1317 -0.049281 -2.41435
4649 0.174786 -3.76617
1860 0.158178 -3.79216
2158 -0.228927 -2.00812
1944 -0.191914 -2.12004
2028 -0.199393 -2.26032
2649 -0.198922 -2.09363
177 -0.468546 -1.59212
1185 -0.51919 -1.46852
3411 -0.535654 -1.51858
2040 -0.493873 -1.61256
1413 -1.11459 -0.743742
1529 -1.17369 -0.68444
1217 -1.58758 -0.67167
4190 -1.89804 -0.625348
1386 -0.597588 -1.0057
4406 -0.211364 -2.09616
2296 -0.0454491 -2.33493
4802 0.160898 -3.56012
4791 0.168804 -3.7818
4315 -4.05613 -0.981465
4789 -4.23536 -1.03
4308 -3.94449 -0.899768
1832 0.22258 -4.35682
3244 0.237094 -4.42945
2125 0.19936 -4.87994
5285 0.18784 -5.02608
522 -0.298669 -1.6977
1053 -0.338663 -1.67016
2725 0.107902 -3.34249
3263 0.240236 -4.24668
3270 0.214387 -4.37771
1565 0.0908908 -3.04704
2701 -0.202053 -2.11815
2388 0.0116778 -3.04026
4636 0.0187621 -3.24319
3649 -0.0783098 -3.1681
546 0.127247 -3.61256
2118 -0.673231 -1.69175
1239 -1.57608 -0.673171
283 -2.01126 -0.747896
742 -2.13293 -0.757268
680 -2.12761 -0.756093
198 -1.3913 -0.758664
2047 -0.501035 -1.55355
1846 -0.472057 -1.59353
309 -0.264404 -1.88371
2399 -0.479776 -1.57919
3750 -0.494285 -1.627
33 0.135496 -3.7611
5227 0.139427 -3.73378
3760 -0.255226 -1.82899
3241 0.271881 -4.50388
4007 0.206144 -4.05163
1487 -0.258952 -1.6979
1334 -0.245895 -1.7407
2198 -0.32581 -1.56318
468 -2.16968 -0.776698
3233 0.255162 -4.83439
937 -0.296593 -1.68935
1810 0.0110187 -2.61186
5523 0.193184 -3.80238
5457 -0.0468408 -2.64525
3714 -0.206286 -1.7495
1366 -0.283971 -1.70104
4148 -0.304531 -1.39484
3481 0.142239 -3.72286
2257 0.115178 -3.49026
1802 -0.293477 -1.75853
1333 -3.7529 -0.938592
1162 -4.02294 -1.02771
1215 -3.85339 -0.988025
2942 -0.270223 -1.79203
1585 -0.394867 -1.6279
1281 -0.492638 -1.68282
743 -2.098 -0.768854
393 -2.15987 -0.775036
2266 -2.2181 -0.670347
3564 -2.4887 -0.64784
3552 -2.57281 -0.623715
3556 -2.58757 -0.65163
3000 -0.273121 -1.71427
1746 -0.365108 -1.62591
1971 -0.473019 -1.56078
3452 0.150201 -3.65739
3429 0.128905 -3.71281
5191 0.251004 -4.5977
1383 -0.295296 -1.72055
3367 -0.220029 -2.12761
1412 0.266981 -4.88526
3250 0.286184 -4.88369
4197 0.0305556 -2.72063
5569 -0.272079 -1.78362
729 0.293016 -4.88151
2610 0.268086 -4.83977
632 -2.10719 -0.731155
3734 -0.483949 -1.69928
3572 -0.502992 -1.59934
545 -0.447353 -1.70787
2353 -0.721752 -1.88666
1513 -1.14593 -0.698519
2210 -1.9658 -0.648766
1481 -1.77607 -0.616984
4065 -5.06445 -0.861275
3598 -4.57132 -0.732779
35 -5.18773 -0.905528
3774 -4.65005 -0.787444
5920 -5.21975 -0.882684
3878 -5.01072 -0.76977
2067 -0.238028 -1.74808
647 -2.00508 -0.773225
896 -2.01875 -0.735733
143 -2.1428 -0.769287
2141 -0.445195 -1.74703
1612 -0.31335 -1.57927
3314 -0.19325 -2.09722
3374 -0.202001 -2.17123
3470 -3.90578 -1.11318
5763 -4.27629 -1.23493
5788 -3.72255 -1.05883
5760 -3.86331 -1.09185
5762 -3.77634 -1.09273
5764 -3.78075 -1.06168
2017 -0.226105 -2.06242
1453 -0.210692 -2.17455
777 -0.476142 -1.55273
3366 -0.495868 -1.53791
2599 -0.482874 -1.57808
3904 0.325843 -5.24542
2176 0.258626 -4.696
3756 -0.337893 -1.66167
132 -2.08009 -0.771744
1526 -0.20945 -2.0552
3273 -0.219531 -2.01283
2700 -0.190194 -2.12976
779 -2.15745 -0.72795
353 -2.13005 -0.766592
3397 -0.19703 -2.12951
786 -3.80021 -0.90585
863 -4.07872 -0.982677
390 -3.79797 -0.926054
4508 -5.16358 -0.834703
3629 -5.12985 -0.819854
653 -2.00203 -0.738776
820 -1.94207 -0.744066
1607 -0.924903 -0.707563
1568 -0.979747 -0.693754
526 -2.06308 -0.754384
691 0.139271 -5.38112
831 0.134698 -5.3731
4114 -0.29437 -1.77269
3759 -0.180696 -2.18488
891 -0.436303 -2.91104
383 -0.568984 -2.81104
2514 -0.174822 -2.18977
476 -4.71801 -0.704046
799 -5.32097 -0.836223
757 -4.58663 -0.746586
832 -5.07802 -0.797861
915 -5.39387 -0.849101
770 -4.78033 -0.735755
912 -4.69578 -0.733997
949 -4.66116 -0.740796
886 -5.07112 -0.792323
802 -4.70728 -0.724041
41 -0.307095 -1.69166
4838 0.175767 -4.57622
2600 0.249554 -4.69683
3269 0.273041 -4.55985
192 -0.240592 -2.05935
245 -0.184925 -2.17322
4776 0.32058 -5.32673
4635 0.289873 -5.06519
1320 -3.86822 -0.957287
1329 -4.14876 -1.03802
1327 -3.92933 -0.89436
257 -5.19151 -0.95534
400 -5.22805 -0.943911
3129 -4.74253 -0.792596
4071 -4.47513 -0.744498
4778 -4.88682 -0.842979
4694 -4.57146 -0.818166
2063 -4.35478 -0.769492
5808 -5.18357 -1.01446
5655 -5.11735 -0.95847
135 -0.207892 -2.18655
5390 -3.91622 -0.811622
5359 -4.27314 -0.886025
5360 -4.01142 -0.855009
4291 -3.90543 -0.892774
4773 -4.25137 -1.01373
4795 -3.88708 -0.878802
4320 -3.9576 -0.912025
5954 -3.90646 -0.868194
5950 -4.46856 -0.985829
5951 -3.96766 -0.853954
4205 -4.11699 -0.897835
4779 -5.06124 -1.0323
4976 -5.1312 -1.07605
2085 -4.92538 -0.637598
2223 -4.97578 -0.65047
3510 -3.908 -0.815001
3509 -4.01963 -0.887801
3506 -3.85567 -0.856777
3451 -3.69522 -0.772088
5659 -4.97636 -0.623777
5619 -4.9958 -0.656862
4806 -5.08168 -0.685599
4611 -5.08366 -0.658865
2934 -3.79901 -0.836706
3371 -3.92848 -0.905556
3361 -3.78473 -0.820735
2381 -4.98391 -0.67263
2208 -5.01928 -0.680839
4217 -5.07294 -0.969641
4250 -5.11483 -0.92593
