1050 2
3400 -5.42965 2.12655
3018 -5.44955 2.10958
1614 -1.20567 -0.92987
214 -1.49564 -2.11435
209 -1.4443 -2.07559
1500 -1.46042 -2.03673
583 -1.39069 -2.05287
44 -1.48586 -2.49146
336 -1.21587 -0.658696
7450 -1.92756 0.198752
6714 -2.12174 0.312041
6272 -2.26612 0.340933
5827 -2.41496 0.428071
3453 -1.75254 0.0658542
5341 -1.39826 -0.348386
5190 -1.41177 -0.28325
1648 -1.35841 -0.478073
1423 -1.41731 -0.403077
1701 -1.31152 -0.491866
6624 -2.7348 0.551469
5404 -2.17526 0.326369
766 -1.66962 0.00833818
6043 -2.5568 0.505119
7624 -2.83138 0.633655
1374 -1.57746 -0.150387
5692 -2.91587 0.606743
6555 -2.69316 0.562531
6790 -2.70205 0.570284
3000 -2.78676 0.564368
5605 -2.9098 0.62299
7890 -2.80226 0.555265
6913 -2.83724 0.569173
2384 -1.99381 0.214251
4310 -1.71936 0.0819653
188 -1.44887 -2.04058
33 -1.45022 -2.00234
18 -1.52381 -2.73364
477 -1.70575 -3.22855
111 -1.58444 -2.94956
3 -1.64126 -2.85995
584 -1.47666 -2.59539
6 -1.02289 -0.901439
273 -1.42761 -2.40622
28 -1.38051 -2.29907
40 -1.35194 -2.23089
143 -1.30641 -1.6484
972 -1.28284 -1.47212
182 -1.35522 -2.12426
6784 -1.2036 -0.700108
1097 -1.39529 -0.302246
2156 -1.44601 -1.71445
1012 -1.35697 -1.47755
1031 -1.38753 -1.68881
1462 -1.44843 -1.77178
2328 -1.32422 -1.23899
2274 -1.36667 -1.66416
172 -1.41355 -2.33648
81 -1.48044 -2.62639
14 -1.55556 -2.7657
34 -1.55029 -2.79549
1836 -1.42735 -2.10158
1751 -1.53422 -2.12181
2778 -1.41564 -2.08706
173 -1.32604 -1.70549
1566 -1.39763 -1.13793
147 -1.34434 -1.24827
2653 -1.36629 -1.25414
11 -1.2172 -1.46613
918 -1.37947 -2.09098
943 -1.52403 -2.63426
1246 -2.05696 -3.62642
1484 -1.89717 -3.41986
1075 -1.15498 -1.11871
4899 -1.49707 -0.173674
4533 -1.45811 -0.196238
2009 -1.99192 0.220311
5321 -1.44582 -0.210468
1549 -1.31927 -0.533716
6305 -2.33422 0.409336
4944 -2.44927 0.460963
6665 -2.77419 0.57548
7510 -2.56284 0.536751
6907 -3.03654 0.676633
6980 -2.99738 0.660271
2677 -2.78531 0.609163
7882 -2.61895 0.49225
7860 -2.84183 0.578626
5465 -2.72376 0.56586
611 -1.571 -2.76647
5860 -1.57086 -0.0386292
3976 -1.49165 -0.150214
249 -1.3931 -0.379786
1646 -1.41424 -0.400969
1211 -1.23085 -0.953866
5787 -1.41891 -0.308755
4222 -1.42783 -0.320063
1428 -1.28535 -0.826609
4256 -1.37849 -1.31029
554 -1.4537 -1.3281
1734 -1.40855 -1.25081
2125 -1.41432 -1.23837
1386 -1.41357 -1.32039
3537 -1.36393 -1.30061
2093 -1.40136 -1.26681
1705 -1.29675 -1.4786
2822 -1.30972 -1.50888
2862 -1.46861 -2.0394
1741 -1.45541 -2.06184
2647 -1.3726 -1.9664
1166 -1.26518 -0.56073
43 -1.30795 -2.05206
20 -1.5223 -2.64015
224 -1.47403 -2.5488
407 -1.2205 -1.45008
4824 -1.54108 -0.228822
1305 -1.26038 -0.912718
3646 -1.53901 -0.426052
3196 -1.44393 -0.416328
2326 -1.47532 -0.379349
825 -1.49144 -0.417224
1777 -1.56093 -0.351925
7400 -2.33033 0.40254
7389 -2.14269 0.374966
7448 -2.0025 0.290748
2565 -1.44818 -0.219888
643 -1.52445 -2.49052
930 -1.49772 -2.40725
922 -1.63692 -3.09392
1232 -1.63009 -2.94323
973 -1.60038 -2.95019
1237 -1.76132 -3.30205
35 -1.50645 -2.58718
25 -1.52447 -2.62874
348 -1.49255 -2.61061
26 -1.46897 -2.53478
145 -1.46486 -2.11764
2133 -1.35967 -1.65209
197 -1.49853 -2.22137
158 -1.51239 -2.90957
15 -1.16149 -1.65248
101 -1.59553 -3.10209
481 -1.67465 -3.12575
110 -1.43835 -2.46572
461 -1.58624 -3.0248
292 -1.5667 -2.94606
120 -1.47483 -2.53038
90 -1.54714 -2.77833
2071 -1.39992 -1.3135
3854 -1.43895 -0.4471
5072 -1.71907 -0.0200678
4967 -1.91975 0.15566
1615 -1.36047 -0.665744
2387 -1.45292 -0.246679
3173 -1.39457 -1.19125
1395 -1.33024 -1.13958
317 -1.35193 -2.27913
763 -1.3807 -2.11681
2863 -1.516 -2.20218
2860 -1.52546 -2.19074
1585 -1.46262 -2.11002
79 -1.48202 -2.57176
151 -1.14521 -1.58
2296 -1.38885 -2.06424
634 -1.51397 -2.23634
187 -1.55803 -2.27025
290 -1.54535 -2.2317
2834 -1.30091 -1.1087
2472 -1.35572 -1.54618
310 -1.189 -1.25039
327 -1.36207 -2.16802
121 -1.52024 -3.01464
426 -1.55849 -3.00807
6982 -1.94985 0.281041
6954 -2.02185 0.366311
6563 -2.07372 0.344312
6981 -2.15423 0.380247
1453 -1.4724 -1.34779
741 -1.38089 -1.2426
1919 -1.31668 -1.4282
2550 -1.30296 -1.13548
1835 -1.30511 -1.27548
2120 -1.27209 -0.863478
5194 -1.88179 0.0510567
5684 -1.97195 0.035579
308 -1.40093 -1.23659
36 -1.32688 -1.24209
978 -1.40566 -1.78983
447 -1.36404 -1.60644
788 -1.38171 -2.10722
1193 -1.68385 -3.29548
1439 -1.41318 -2.42418
377 -1.34833 -1.61524
960 -1.32259 -1.73993
9 -1.37183 -2.06769
155 -1.47804 -2.14255
1471 -1.26158 -0.571849
192 -1.40727 -1.99351
19 -1.39955 -2.15739
73 -1.51496 -2.43716
51 -1.46993 -2.01384
993 -1.32588 -1.48251
1855 -1.38137 -1.18907
822 -1.38754 -1.31904
2333 -1.27593 -1.12965
320 -1.77586 -3.28207
1080 -1.76041 -3.5208
299 -1.48585 -2.654
29 -1.38731 -2.28762
49 -1.44247 -2.07773
2557 -1.36315 -1.52903
78 -1.48299 -2.09201
6000 -1.87305 0.154662
4524 -1.51251 -0.271529
295 -1.91659 -3.55628
1444 -1.82216 -3.47601
300 -1.71518 -3.18348
1179 -1.45206 -2.09013
200 -1.46753 -2.1093
383 -1.49253 -2.62059
54 -1.51307 -2.52582
13 -1.44437 -2.04272
42 -1.45371 -2.01706
46 -1.52616 -2.62271
271 -1.44029 -2.35508
127 -1.51728 -2.63926
1593 -1.29432 -1.67283
817 -1.28777 -1.5823
2625 -1.30548 -1.59803
1062 -1.29023 -1.20649
1064 -1.23283 -1.11484
208 -1.5642 -2.22595
1465 -1.43099 -2.03726
205 -1.48473 -2.09364
915 -1.35132 -2.11115
312 -1.14844 -1.54544
275 -1.52506 -2.64609
1793 -1.4375 -2.47592
1126 -1.47757 -2.13971
2869 -1.47279 -2.09504
3136 -1.26756 -1.96472
1000 -1.26101 -1.53208
339 -1.151 -1.34081
1972 -1.52214 -0.148927
5824 -1.85839 0.0711509
5872 -2.85003 0.589121
6414 -2.85951 0.636007
5897 -2.39316 0.408474
5980 -1.90434 0.187449
2972 -2.06925 0.343661
425 -2.08812 0.379261
6494 -1.97532 0.311223
1098 -2.37485 0.464345
6123 -2.77301 0.576651
7414 -2.74439 0.592776
7447 -1.94723 0.26436
761 -1.39811 -1.1702
457 -1.52842 -0.136248
6916 -1.99749 0.282855
3381 -2.29714 0.417612
6935 -2.55333 0.462618
7533 -2.97433 0.668575
6918 -2.81635 0.589489
7052 -2.40797 0.444279
7683 -2.77802 0.552351
7237 -2.84501 0.587269
5543 -2.44436 0.46768
5179 -1.9896 0.255993
6359 -2.66616 0.571509
6501 -2.39225 0.431631
3660 -1.54645 -0.436229
3650 -1.5131 -0.386308
2560 -1.42036 -0.459977
2638 -1.38382 -1.20838
223 -1.55286 -2.8042
1717 -1.17647 -1.2128
3390 -1.92139 0.118098
5697 -1.86512 0.175397
5811 -2.66197 0.591447
5185 -2.53188 0.467728
4099 -2.5 0.449831
5188 -1.86801 0.0929904
2258 -1.47324 -0.304998
152 -1.50183 -2.56984
154 -1.50278 -2.73722
4557 -1.82441 0.0334464
5096 -2.09203 0.364392
5606 -1.60912 -0.139283
3614 -1.56335 -0.178996
5819 -1.76208 0.00650111
6634 -1.47412 -0.194005
2474 -1.22821 -1.28012
5822 -1.47751 -0.142861
5800 -1.55741 -0.0878144
7587 -2.7776 0.553722
3752 -2.80553 0.609444
7763 -2.9916 0.657604
6442 -2.80753 0.631295
5582 -2.98968 0.659207
7862 -2.83946 0.588513
7131 -2.95411 0.63813
6993 -2.75598 0.552185
6032 -2.91077 0.613735
5002 -2.82593 0.628578
7012 -2.76077 0.552076
1403 -2.62458 0.50398
5524 -2.44586 0.439064
6914 -2.57184 0.518226
24 -1.14566 -0.877882
1350 -1.47475 -1.41046
1594 -1.38002 -1.21468
826 -1.4347 -1.30828
476 -1.62473 -3.1744
479 -1.54807 -3.06368
319 -1.31288 -0.906555
3796 -1.40169 -0.384219
3176 -1.41637 -0.950003
2371 -1.31145 -1.41361
904 -1.35385 -2.0685
996 -1.28064 -0.789149
2485 -1.35593 -0.48685
3542 -1.58258 -0.166504
4550 -1.68264 0.0583883
3457 -1.57608 -0.171974
2923 -1.56631 -0.36807
4021 -1.53149 -0.423953
7446 -2.04649 0.330769
3456 -1.90421 0.193172
7445 -2.16731 0.344801
5802 -2.22213 0.365797
6280 -2.19484 0.343311
59 -1.4682 -2.38907
387 -1.45043 -2.08434
806 -1.49109 -2.67868
1151 -1.30934 -1.41724
948 -1.2988 -1.18429
2510 -1.26294 -0.731753
5233 -2.48709 0.470958
6615 -2.40273 0.420139
5902 -2.62394 0.542457
7086 -2.16807 0.391044
5806 -2.71472 0.582413
6649 -2.35318 0.406758
4666 -2.5182 0.450349
6979 -1.34024 -0.421266
5254 -1.75155 0.0894936
3352 -1.54003 -0.117475
5078 -1.48081 -0.160308
985 -1.30724 -2.02776
1261 -1.33571 -2.11094
604 -1.56416 -2.74561
371 -1.52673 -2.64837
556 -1.60913 -2.86677
2230 -1.45939 -2.101
206 -1.46377 -2.11357
284 -1.55856 -2.77889
17 -1.52426 -2.58079
2676 -1.4543 -2.12241
2174 -1.49708 -2.12132
4909 -1.39257 -0.411334
1055 -1.25201 -1.12618
1204 -1.38509 -0.400137
432 -1.2164 -0.945648
390 -1.34612 -1.63663
171 -1.38677 -2.04483
2866 -1.53709 -2.21826
7279 -1.76988 0.0585289
4070 -1.42518 -0.293696
600 -1.5277 -0.0966668
3642 -1.72317 0.0781896
311 -1.40195 -2.13697
696 -1.4987 -2.47241
789 -1.12345 -0.925822
102 -1.55845 -2.89094
722 -1.18963 -1.41445
1137 -1.36631 -1.22767
1530 -1.37374 -1.32025
8290 -1.39258 -1.31474
166 -1.35637 -2.1713
7115 -3.19569 0.395099
7070 -3.40112 0.463855
7073 -3.15607 0.290673
2247 -1.43708 -1.68996
2398 -1.2849 -1.23924
3518 -1.36891 -0.903937
3005 -1.26414 -0.966683
635 -1.35488 -1.4422
1218 -1.44951 -1.82785
1608 -1.24921 -0.936831
2865 -1.47341 -2.05141
94 -1.43779 -2.47787
7908 -2.72275 0.572156
7553 -2.53516 0.448955
6976 -2.45123 0.480199
3032 -2.47962 0.406733
8073 -2.57815 0.474942
3447 -1.79119 0.112229
7699 -2.65337 0.493569
5210 -1.85463 0.0978158
5773 -1.97767 0.241933
4828 -2.26325 0.410799
5187 -1.50648 -0.14763
4036 -1.53115 -0.230487
5753 -1.88047 0.0552626
5553 -2.10844 0.279873
4045 -1.78836 0.0566469
3010 -1.90116 0.0812846
7561 -2.79498 0.557652
7054 -2.77111 0.581624
4717 -2.46137 0.395452
6832 -2.59198 0.503123
6955 -2.5179 0.422484
3641 -2.4702 0.419625
3027 -2.16205 0.36356
6139 -2.03818 0.258144
7444 -2.05209 0.295839
2118 -1.36868 -1.17857
2801 -1.4133 -1.29464
1908 -1.2887 -1.17296
1506 -1.25499 -1.4145
2507 -1.26081 -1.13153
1985 -1.25839 -1.07297
1184 -1.31414 -1.53318
364 -1.38497 -1.98558
204 -1.33914 -1.80381
5752 -1.95194 0.0894903
4948 -1.83902 0.0160729
3009 -1.79849 0.0162641
4076 -1.80181 0.0376079
5691 -1.43654 -0.186858
2660 -1.50947 -0.0648465
4276 -1.86797 0.0547333
5073 -1.77945 -0.0180421
2688 -1.72039 0.012809
7092 -2.65209 0.54206
6774 -2.47976 0.42923
4500 -1.66686 -0.0973697
7144 -1.64061 -0.138029
4335 -1.57926 -0.121485
7695 -2.87079 0.613959
2940 -2.8388 0.56513
6859 -2.59069 0.467068
7620 -2.37476 0.391185
7799 -2.68991 0.457961
5738 -2.46787 0.435438
8173 -2.121 0.0983844
8198 -2.27781 0.275975
8192 -2.56062 0.338868
5614 -2.77116 0.537866
5933 -2.63627 0.576089
3726 -1.58757 -0.161848
6934 -2.96579 0.597577
4071 -2.85411 0.618096
4126 -2.8712 0.566641
6044 -2.7684 0.542894
2658 -1.873 0.128665
2713 -1.55953 -0.450789
3258 -1.52626 -0.322055
2958 -1.5119 -0.443388
5177 -1.40551 -0.318265
340 -1.33149 -2.08688
7646 -2.81073 0.610347
2511 -3.25106 0.622284
3658 -1.85913 0.0931764
816 -1.40332 -0.313292
645 -1.52338 -2.25831
2872 -1.53214 -2.14162
41 -1.60885 -2.81381
30 -1.54654 -2.69269
994 -1.50518 -2.65743
765 -1.50271 -2.60286
315 -1.3157 -1.78624
1522 -1.31893 -1.12438
3117 -1.32193 -1.17097
2831 -1.30762 -1.07072
1808 -1.33819 -0.606101
77 -1.45762 -2.13595
2696 -1.39331 -1.22677
2932 -1.39978 -0.428539
3806 -1.8527 0.0633056
3786 -1.59888 -0.0865507
2871 -1.52082 -2.1479
1525 -1.56822 -2.22194
1937 -1.49114 -0.171667
2256 -1.27887 -1.28684
2231 -1.4326 -1.73328
769 -1.41847 -1.71311
941 -1.34758 -1.52985
202 -1.49567 -2.09283
346 -1.23268 -1.13561
1085 -1.49878 -2.06218
689 -1.35186 -1.55972
2870 -1.46968 -2.07746
23 -1.4282 -2.03736
3803 -1.32985 -1.71116
1297 -1.2583 -1.19651
3720 -1.31563 -0.865176
2657 -1.39133 -0.609721
813 -1.32003 -0.696708
8294 -1.35211 -0.660164
2210 -1.55458 -0.378099
2290 -1.51852 -0.293357
5361 -2.03963 0.286882
4673 -1.99868 0.277386
5839 -2.37478 0.433523
1796 -2.08246 0.265888
4981 -3.63161 1.13041
2068 -5.21614 1.74151
2242 -4.60604 1.568
2069 -4.59649 1.56211
6299 -3.18142 0.576364
5391 -2.91293 0.652331
1496 -1.36686 -0.39888
5859 -1.64438 0.0269525
1628 -1.4075 -1.28435
1278 -1.46304 -0.310057
6053 -1.58738 0.173152
3209 -2.02908 0.164282
6532 -2.04011 0.321206
6174 -2.23615 0.300563
7839 -2.70633 0.553812
7035 -2.69378 0.519717
798 -1.41834 -0.383197
6595 -2.02047 0.264221
3150 -2.02953 0.2419
2704 -1.92109 0.118688
5020 -1.67177 0.0151571
1927 -1.30404 -2.05537
951 -1.3425 -2.15276
321 -1.35816 -2.20609
911 -1.34573 -2.09886
138 -1.52719 -2.76321
10 -1.47237 -2.45027
912 -1.4681 -2.19026
2062 -1.32114 -1.19733
2744 -1.63741 0.0200729
2765 -1.3971 -0.278995
971 -1.47263 -2.41281
982 -1.34749 -1.94104
3293 -2.86106 0.592229
8042 -2.75684 0.580496
5148 -2.7551 0.497922
8128 -2.82316 0.580687
7809 -2.89022 0.623892
5862 -2.47226 0.46175
1542 -1.49232 -0.256507
7632 -2.52157 0.478134
4938 -1.50105 -0.175708
3835 -1.53429 -0.126346
3728 -1.44642 -0.201949
4483 -1.6393 -0.131049
5262 -2.23844 0.394059
3459 -2.42933 0.420033
1767 -1.29666 -1.09784
1639 -1.95501 0.0455457
5675 -1.80681 -0.0144135
1353 -1.53279 -0.168162
1186 -1.62365 -3.16029
1837 -1.43717 -1.31866
1267 -1.40757 -1.20131
1253 -1.38376 -1.22174
5969 -1.93231 0.180641
1847 -1.37138 -1.28522
2117 -1.40454 -1.25394
1319 -1.36114 -0.667486
5337 -1.56887 -0.101942
4829 -1.49448 -0.169685
4718 -1.56718 -0.1297
2968 -1.79331 -0.0210919
1811 -1.38961 -0.437142
5176 -1.89876 0.0718473
3631 -1.44952 -0.22264
87 -1.8719 0.0799798
269 -1.51038 -2.61506
298 -1.32366 -1.6125
991 -1.38051 -1.70773
2341 -1.32724 -1.58698
2473 -1.28485 -0.995202
2833 -1.29824 -1.1309
871 -1.28708 -1.6316
1330 -1.31635 -1.63825
590 -1.31526 -1.98825
39 -1.61292 -2.85206
107 -1.62229 -3.08171
104 -1.51897 -2.701
4 -1.44452 -2.01282
12 -1.41809 -1.95172
185 -1.38685 -1.97039
301 -1.3775 -1.75661
2329 -1.33963 -1.72868
144 -1.31769 -1.70206
6770 -1.31312 -1.71414
55 -1.3861 -2.0475
74 -1.29342 -2.08786
6400 -1.30834 -0.790953
72 -1.3196 -0.806304
6148 -1.27682 -0.85636
5511 -1.32106 -0.78829
3301 -1.40277 -1.6883
762 -1.33215 -1.84529
708 -1.44203 -2.37149
1159 -1.50141 -2.55259
1157 -1.46211 -2.38618
1772 -1.27588 -1.31671
650 -1.32951 -1.62162
2332 -1.30178 -1.35561
263 -1.29719 -2.04691
665 -1.54131 -2.16102
784 -1.47895 -2.11465
32 -1.51858 -2.15575
5336 -1.52587 -0.0747206
1378 -1.41915 -1.26093
1561 -1.29924 -1.15384
2255 -1.25722 -0.990911
1230 -1.27441 -1.1817
1820 -1.29159 -1.08721
2073 -1.35892 -1.2643
2079 -1.42343 -1.30395
2593 -1.40504 -1.25892
3748 -1.41562 -1.32564
1352 -1.44451 -1.28765
3059 -1.45769 -1.33593
1032 -1.36687 -1.64256
183 -1.32351 -1.66048
5793 -1.30402 -1.07949
1612 -2.7719 0.55349
5760 -2.83196 0.584466
3238 -2.90803 0.572495
3127 -1.54067 -0.373542
2700 -1.52771 -0.390833
1569 -1.29005 -1.98813
394 -1.32892 -1.56825
566 -1.27851 -1.61078
198 -1.46867 -2.0911
423 -1.42328 -2.06398
5058 -1.66912 0.0217547
4011 -1.68894 0.0124762
1693 -1.4211 -1.20097
727 -1.47443 -2.09684
950 -1.31805 -2.04719
334 -1.30486 -1.78484
559 -1.31742 -1.55818
7231 -2.02843 0.290086
5531 -2.24558 0.389971
2330 -1.29641 -1.21401
5026 -1.40464 -1.11423
3033 -1.39448 -1.29846
1260 -1.62371 -3.13379
356 -1.45885 -2.13677
1129 -1.47878 -2.16451
86 -1.41638 -2.13114
2066 -1.74932 -3.05309
4195 -1.76917 -2.89343
282 -1.55568 -2.72367
6286 -2.30046 0.160605
5423 -2.42014 0.377922
2535 -2.7779 0.569885
1185 -1.31871 -0.463487
142 -1.4803 -0.289701
640 -1.44974 -2.11937
1982 -1.40671 -0.378417
5739 -2.71927 0.549799
5871 -2.49448 0.459607
5079 -2.58008 0.515935
5339 -1.40379 -0.208639
3404 -1.5242 -0.177516
5110 -1.41279 -0.242613
4846 -1.53313 -0.161496
4355 -1.49239 -0.160896
4632 -2.75115 0.608174
5835 -2.94528 0.640323
2264 -1.31213 -1.06319
1210 -1.27939 -1.12799
386 -1.27076 -1.99553
8 -1.37043 -2.31588
1552 -1.32851 -1.33726
66 -1.40521 -1.65217
2072 -1.31957 -1.29826
2331 -1.29317 -1.09364
191 -1.48831 -2.11737
2502 -1.46734 -2.10806
791 -1.46608 -2.08629
6356 -2.93431 0.705661
5714 -2.90158 0.737252
6456 -4.32824 1.31859
6270 -2.32142 0.409693
6523 -2.59326 0.50876
865 -1.41749 -2.2114
2832 -1.2971 -1.07451
1521 -1.30056 -1.09098
2542 -1.28432 -1.05455
7443 -2.76566 0.586402
7992 -2.96545 0.630473
1191 -2.71031 0.550235
3969 -2.79966 0.560114
6780 -2.88681 0.599155
5596 -2.51431 0.485003
6047 -2.51465 0.469449
4940 -2.353 0.355576
2877 -1.40887 -1.24481
2851 -3.06485 0.696361
5796 -2.50777 0.453084
4574 -2.81867 0.592119
113 -1.26209 -0.816415
6930 -4.22979 1.29044
1633 -1.41327 -2.34992
349 -1.57197 -2.75294
139 -1.55349 -2.74453
95 -1.38215 -2.47002
7912 -2.79887 0.571477
7225 -2.80692 0.590577
252 -1.31594 -1.71679
5288 -1.41634 -0.308263
5289 -2.98643 0.651519
3962 -2.90456 0.605659
6946 -2.52095 0.487456
5814 -2.13022 0.34828
737 -1.83725 0.158838
7449 -2.07034 0.322477
7803 -2.70517 0.52362
406 -1.89301 0.108671
5671 -2.88869 0.614552
1802 -1.35313 -2.13855
403 -1.3371 -1.03555
1133 -1.27568 -0.658859
5189 -1.70341 0.0600598
1266 -1.83238 -3.35923
1979 -1.8925 -3.37292
216 -1.32723 -1.80828
6600 -1.29073 -1.60509
1413 -1.25903 -1.58324
6488 -2.29166 0.44767
3334 -2.61361 0.489895
7428 -2.63684 0.548728
3417 -1.53597 -0.108729
4600 -1.46085 -0.176043
6554 -2.55336 0.469582
3569 -1.49237 -0.380745
4966 -1.85143 -0.00287412
3498 -1.85812 0.0471659
1125 -1.44473 -2.2954
2868 -1.50765 -2.12449
128 -1.42135 -1.84606
203 -1.53454 -2.17562
1990 -1.51868 -0.424932
2981 -1.45904 -0.370094
1013 -1.45427 -2.43168
1160 -1.44098 -2.38725
122 -1.32605 -0.694282
2416 -1.42743 -1.68034
1700 -1.42288 -1.74054
2571 -1.40601 -1.75699
2620 -1.52466 -0.161882
3885 -2.8588 0.629243
5432 -2.74391 0.52411
7529 -2.89754 0.610271
7927 -2.93439 0.60243
379 -1.31131 -1.71603
286 -1.57515 -2.83366
47 -1.44484 -2.41838
402 -1.30835 -2.01177
581 -1.53652 -2.72389
480 -1.54355 -2.9311
3046 -1.54688 -0.322604
1368 -1.46482 -0.434695
3601 -1.55932 -0.405318
3731 -1.54739 -0.30274
3527 -1.49429 -0.453754
3544 -1.57419 -0.371958
53 -1.57765 -0.37099
3636 -1.51652 -0.416164
2029 -1.65352 -2.16025
2135 -1.45938 -1.82204
180 -1.52526 -2.68909
6156 -1.38938 -1.6031
567 -1.3463 -2.03034
56 -1.65656 -2.92647
2297 -1.30268 -1.50568
1221 -1.33025 -1.16092
759 -1.89364 0.080815
1037 -1.43811 -0.328915
2686 -1.67354 -0.0585215
5360 -1.86404 0.0189088
7910 -2.73136 0.671754
7948 -2.65477 0.621176
177 -1.47319 -2.02344
4026 -5.78395 2.05231
8293 -5.00927 1.80465
3313 -4.9769 1.78184
125 -1.47152 -2.18926
1380 -1.44647 -2.12007
1382 -1.5502 -0.326181
6618 -2.48238 0.451809
5857 -2.50594 0.414577
4805 -2.75489 -5.64277
4814 -2.38109 -4.86102
4808 -2.50728 -5.16294
7961 -1.52942 -0.133401
135 -1.30309 -1.6371
2549 -1.42113 -0.35471
1381 -1.3839 -1.23494
1161 -1.49528 -2.39732
2160 -2.50201 0.479024
7277 -2.94653 0.659778
545 -1.84932 -3.29506
805 -1.51106 -2.42683
195 -1.51551 -2.16332
937 -1.41283 -1.22901
2580 -1.41185 -1.27013
2946 -1.48076 -1.33953
586 -1.45313 -2.55913
178 -1.5721 -2.70642
546 -1.40573 -1.94775
6560 -2.79947 0.560499
8121 -2.83241 0.549942
7649 -3.17988 0.634121
7172 -3.37008 0.549446
467 -1.48057 -2.19996
194 -1.46061 -2.05456
1006 -1.43198 -2.09609
71 -1.42355 -2.07559
67 -1.44653 -2.067
6606 -2.5888 0.477217
6736 -2.56722 0.462747
5805 -2.07982 0.274942
3586 -2.36615 0.404912
6486 -2.78259 0.537774
6620 -2.36937 0.462888
967 -2.89479 0.648121
697 -1.28478 -1.62819
633 -1.31617 -1.59181
4361 -2.69132 0.563181
103 -2.65221 0.549835
5324 -2.07809 0.232887
243 -1.46913 -2.76851
2440 -2.39614 0.387132
2685 -1.32129 -1.17494
3777 -1.59516 -0.303884
7478 -2.72896 0.584282
7280 -2.9515 0.609966
742 -2.7619 0.528599
201 -1.48616 -2.23688
2508 -1.49684 -2.15219
4795 -1.47038 -2.64091
4875 -1.46518 -0.203835
2740 -1.32176 -1.04919
210 -1.46987 -2.09021
679 -1.50403 -2.12515
3191 -1.44917 -0.225955
207 -1.44578 -2.16377
2867 -1.44046 -2.08034
7047 -2.84165 0.592707
5125 -1.51063 -0.205254
3449 -1.47683 -0.270701
7924 -2.46117 0.435288
3814 -2.93192 0.628858
1823 -2.60525 0.463036
6241 -2.69316 0.547934
8122 -2.98199 0.673746
3634 -2.30201 0.375505
189 -1.43135 -2.04497
5008 -1.93139 0.218002
109 -2.51855 0.408669
8157 -1.6791 0.0714255
274 -1.3364 -1.63562
710 -1.186 -0.954553
1645 -1.3487 -0.405088
1991 -1.26617 -1.03315
8051 -2.3763 0.374309
7337 -3.23515 0.45655
5751 -1.97169 0.108717
6458 -4.15343 1.28932
2085 -1.28609 -1.18074
1442 -1.84106 -3.48873
4598 -1.85611 0.00431123
3477 -1.57075 -0.393726
5263 -1.72814 0.0986981
190 -1.47194 -2.11066
4536 -2.11387 0.224384
2547 -1.84694 0.0471081
8124 -2.85682 0.543053
4435 -2.78315 0.569405
7855 -2.97327 0.674266
4447 -1.73263 0.0612895
1691 -1.43026 -1.39231
50 -1.42277 -2.56235
302 -1.34688 -2.48571
3026 -1.37681 -1.34995
1200 -1.26839 -1.13948
1729 -1.49889 -2.20896
6006 -2.32751 0.372094
4488 -2.0882 0.35673
8044 -2.74867 0.524111
7871 -2.81458 0.52294
5103 -2.67897 0.50614
3084 -1.54575 -0.354689
1392 -1.9638 -2.43056
1394 -2.09064 -2.42869
3310 -2.8154 0.563788
7233 -2.4545 0.292014
7391 -2.68344 0.40374
8174 -2.14015 0.176328
887 -1.33989 -1.6893
2991 -1.36115 -1.66854
2102 -1.42316 -1.67126
365 -1.60132 -3.11957
250 -1.28385 -1.68992
1769 -1.49576 -2.14471
4037 -1.36165 -0.357661
5919 -1.56988 -0.248474
2033 -1.47659 -0.24443
2768 -1.26617 -1.20081
592 -1.83537 -3.59914
946 -1.25756 -1.16228
872 -1.36251 -0.452517
5123 -4.21663 1.29505
5884 -4.99162 1.52832
5886 -4.45987 1.38159
5180 -1.38597 -0.379884
3666 -1.33344 -0.405416
3960 -1.96711 0.111744
7946 -2.89556 0.598141
6712 -2.75487 0.509973
322 -1.77305 -3.46438
3304 -1.57061 -0.356519
2559 -1.46917 -2.12137
4662 -2.96087 0.610235
7662 -2.64079 0.526275
3794 -1.86366 0.047901
2861 -1.53745 -2.2591
663 -1.47388 -2.35412
161 -1.53922 -2.89687
1573 -1.33563 -1.58092
181 -1.39877 -1.91775
1903 -1.42058 -1.17113
5989 -2.55756 0.598067
3691 -2.06441 0.347097
5626 -1.81079 0.0099646
199 -1.52766 -2.2423
6097 -2.57174 0.468507
48 -1.45588 -2.02535
4437 -2.91242 0.611793
255 -1.26331 -1.05418
4373 -1.42092 -1.70013
7651 -2.85758 0.591293
6655 -2.97849 0.68143
1893 -1.37067 -1.778
1167 -1.30804 -1.17159
7381 -2.82703 0.544561
857 -1.50436 -2.7597
132 -1.24001 -1.68249
370 -1.34195 -1.7905
4341 -2.80147 0.590493
7694 -2.80643 0.593163
7005 -2.78152 0.608473
6619 -2.54402 0.471689
3624 -1.92123 0.199347
7813 -2.78759 0.582111
68 -1.70933 0.0957179
2097 -1.35239 -1.5853
1498 -2.75335 0.529528
2257 -1.86207 -0.00827518
704 -1.30992 -1.64226
1965 -1.32337 -1.27234
136 -2.14869 0.34887
6327 -2.75257 0.551183
7378 -2.77822 0.609981
5028 -2.84503 0.541077
7618 -2.89843 0.639369
363 -1.28611 -1.61832
7757 -2.79332 0.585786
2298 -1.4147 -1.78614
196 -1.49359 -2.13754
3192 -1.41744 -1.33323
396 -1.35771 -1.70366
1783 -4.70153 1.64549
6151 -2.75356 0.541237
280 -1.34777 -1.61133
5816 -2.89682 0.627841
4639 -5.80459 1.88057
4638 -5.77655 1.88109
2246 -1.42888 -1.2048
391 -1.38097 -1.77451
647 -1.37609 -1.68199
1476 -1.27705 -1.54498
108 -1.58078 -2.70439
6553 -2.14764 0.329646
1286 -1.90003 -3.39465
7544 -2.81374 0.578511
8283 -1.57002 -2.75619
6004 -1.33904 -1.79401
258 -1.35989 -2.43086
849 -1.69162 -3.31176
226 -1.37573 -1.81486
2665 -1.41788 -1.37485
5419 -1.81472 0.0634248
1315 -1.42792 -1.20416
6243 -2.78422 0.609412
6346 -2.88759 0.613747
7512 -2.70293 0.570642
313 -1.31011 -1.65839
995 -1.40993 -1.73338
1487 -1.42955 -0.361086
2792 -1.29259 -1.08263
80 -1.27735 -1.58542
5809 -2.12855 0.314031
899 -1.27911 -1.07745
8295 -2.43657 0.438425
591 -2.15556 -4.10219
7055 -2.00522 0.282057
2237 -2.6967 0.534737
1279 -1.34852 -1.70299
644 -1.46603 -2.38571
373 -1.29579 -1.56498
378 -1.28371 -1.65324
608 -2.76147 -5.58859
3943 -2.75939 -5.5872
392 -1.40295 -2.48302
8266 -2.64741 -5.62785
7238 -2.62217 -5.59953
673 -2.11947 -4.0496
4977 -2.659 -5.49258
5496 -2.61856 -5.44283
8037 -2.93408 0.643809
2853 -5.29835 1.91575
1723 -5.38465 1.92894
2094 -5.87682 2.02562
2470 -5.90651 2.03202
2864 -1.43256 -2.04636
4425 -3.01098 -5.62764
6334 -2.65632 -5.08314
4297 -2.54833 -4.88607
5925 -1.63085 -0.114306
6584 -2.73781 -5.25057
2285 -2.75823 -5.25613
7996 -5.99286 2.04695
7995 -5.95959 2.03222
5970 -5.81213 2.09315
5971 -5.75802 2.06106
1745 -5.95875 2.12898
1746 -5.97018 2.12877
8076 -6.09378 2.15124
8074 -6.13892 2.15763
6430 -5.99056 2.2207
6432 -5.99913 2.20538
4337 -6.13634 1.89264
4191 -6.09846 1.87555
1422 -5.84671 1.88209
1425 -5.82149 1.88347
1825 -6.13813 2.2237
1842 -6.09832 2.22137
